similarity,feature
0.5210675001144409,1
0.6290451288223267,1
0.6905956268310547,0
0.6275856494903564,0
0.5038802623748779,1
0.6907289624214172,1
0.6987123489379883,1
0.5102739334106445,0
0.5358921885490417,0
0.5031339526176453,0
0.5207425355911255,1
0.49778270721435547,0
0.5845839977264404,1
0.6338603496551514,1
0.5819828510284424,0
0.5323858261108398,0
0.6277388334274292,1
0.6178590059280396,1
0.5304734706878662,0
0.5117467641830444,1
0.5799974203109741,1
0.5375543832778931,1
0.5773090124130249,0
0.649337887763977,0
0.5337207913398743,1
0.5428255796432495,1
0.4980694651603699,0
0.5419654846191406,1
0.49508965015411377,1
0.6175320744514465,0
0.5893054008483887,1
0.6244977712631226,1
0.5815950632095337,1
0.506079375743866,1
0.6828309297561646,1
0.5123135447502136,0
0.5449094176292419,0
0.6006218194961548,1
0.6591915488243103,1
0.4861534833908081,0
0.56585693359375,1
0.5516157150268555,1
0.5992939472198486,1
0.5272568464279175,1
0.5676056742668152,1
0.6677991151809692,1
0.5210021734237671,0
0.567132830619812,0
0.5753594636917114,1
0.5398464798927307,0
0.5033524036407471,0
0.49104225635528564,1
0.5252457857131958,0
0.6666202545166016,1
0.5683515071868896,1
0.5605741739273071,1
0.6276478171348572,1
0.5038976073265076,1
0.5407958030700684,0
0.5887035131454468,0
0.4889313578605652,0
0.5039854645729065,1
0.4969554543495178,0
0.5369620323181152,0
0.5349832773208618,0
0.7833364009857178,1
0.6254398822784424,1
0.59696364402771,1
0.4866602420806885,1
0.6536005735397339,1
0.5072399377822876,1
0.6100351810455322,1
0.6404117345809937,1
0.6090224385261536,1
0.5801190137863159,1
0.6466125249862671,1
0.5367322564125061,1
0.6465320587158203,1
0.5131163597106934,0
0.5773152709007263,1
0.5639218091964722,1
0.6548246741294861,1
0.6004006266593933,1
0.5186812877655029,0
0.5987764596939087,1
0.5465592741966248,0
0.5891367197036743,1
0.4903872013092041,0
0.5611844062805176,0
0.5362998843193054,1
0.591242790222168,1
0.5100449323654175,1
0.6787141561508179,1
0.5669690370559692,1
0.4919636845588684,0
0.6054190397262573,1
0.6093276739120483,1
0.6296383142471313,1
0.5142017602920532,0
0.5544116497039795,0
0.4859044551849365,1
0.5285416841506958,0
0.4927127957344055,0
0.4958418011665344,1
0.5036492347717285,0
0.5092118382453918,0
0.597880482673645,0
0.5295933485031128,0
0.5741286277770996,0
0.5812248587608337,1
0.6001525521278381,0
0.6537147164344788,1
0.4972214698791504,0
0.5162899494171143,0
0.5235003232955933,0
0.5364325642585754,1
0.547177791595459,1
0.4957665205001831,0
0.5514603853225708,1
0.5519618391990662,0
0.5359550714492798,0
0.5165646076202393,0
0.48024797439575195,0
0.5708985328674316,1
0.522642195224762,0
0.536992073059082,0
0.5051530599594116,0
0.6187608242034912,1
0.5718096494674683,1
0.5510097742080688,0
0.48594993352890015,0
0.6479807496070862,1
0.582627534866333,1
0.5279088020324707,0
0.505577564239502,0
0.6101175546646118,1
0.7937254905700684,1
0.4906972646713257,0
0.5632807612419128,1
0.5192344188690186,0
0.677035927772522,1
0.6430495381355286,1
0.6371047496795654,1
0.5446817874908447,0
0.4908145070075989,0
0.8018574714660645,1
0.561427652835846,0
0.5797051191329956,1
0.6464164853096008,1
0.624971866607666,1
0.5033327341079712,1
0.5072558522224426,0
0.5316794514656067,0
0.5823803544044495,0
0.5792394876480103,1
0.535770833492279,0
0.5359686613082886,1
0.6555930376052856,0
0.602421760559082,0
0.48815250396728516,0
0.635534405708313,1
0.5232902765274048,0
0.4793115258216858,1
0.7450892329216003,1
0.503429651260376,0
0.5890082120895386,1
0.6440068483352661,1
0.5119198560714722,0
0.497336208820343,0
0.5680592060089111,1
0.6609253287315369,1
0.6920528411865234,1
0.5530313849449158,1
0.5050463676452637,1
0.6384042501449585,1
0.6442530155181885,1
0.5652999877929688,0
0.5015215873718262,0
0.5240260362625122,0
0.567484438419342,1
0.4920245409011841,0
0.627539336681366,1
0.51877760887146,0
0.7038521766662598,1
0.5046904683113098,0
0.5588113069534302,0
0.5326603651046753,0
0.5004116296768188,0
0.5683612823486328,1
0.5747469663619995,1
0.510642945766449,0
0.47036778926849365,0
0.5175402760505676,1
0.47198861837387085,0
0.5235686302185059,0
0.6616960763931274,1
0.5723516941070557,1
0.5680475234985352,1
0.7459026575088501,1
0.5769162178039551,1
0.5587432980537415,1
0.6537544131278992,1
0.49461090564727783,0
0.5361565351486206,1
0.6423154473304749,1
0.5547028183937073,0
0.6773203611373901,1
0.5270376801490784,1
0.560773491859436,0
0.5514850616455078,0
0.5087149143218994,0
0.5342870950698853,1
0.5986005663871765,1
0.6073631048202515,1
0.4864482879638672,0
0.4831923246383667,1
0.5096457004547119,1
0.509219765663147,0
0.4834800958633423,0
0.6309171915054321,1
0.5290870070457458,0
0.4922717809677124,0
0.5123211145401001,0
0.4973407983779907,1
0.5955563187599182,1
0.5853413343429565,0
0.5124296545982361,1
0.5929960608482361,0
0.5001068115234375,0
0.616039514541626,1
0.5305932760238647,1
0.5484371185302734,0
0.5648754239082336,1
0.6258435845375061,1
0.5426888465881348,0
0.6034013032913208,1
0.5178227424621582,0
0.6002610921859741,1
0.639220654964447,1
0.5492827296257019,1
0.6868631839752197,1
0.538622260093689,0
0.5593298673629761,0
0.7323813438415527,1
0.5361971259117126,1
0.5852692127227783,0
0.5453258156776428,1
0.601737916469574,1
0.4958358407020569,0
0.512197732925415,0
0.5040879249572754,0
0.5112578272819519,0
0.48993414640426636,0
0.5093128085136414,0
0.644097626209259,1
0.6976710557937622,1
0.6235369443893433,1
0.522591769695282,1
0.5130385160446167,0
0.5776549577713013,0
0.585036039352417,0
0.5207256078720093,0
0.5924784541130066,1
0.5199207663536072,1
0.5260066986083984,1
0.5039963722229004,0
0.5142548680305481,1
0.5050607919692993,0
0.5333272218704224,0
0.580075204372406,0
0.6983499526977539,1
0.6091262102127075,1
0.5910294055938721,1
0.5070018172264099,0
0.5419265031814575,0
0.6039081811904907,1
0.592848002910614,1
0.4994543194770813,0
0.5003921985626221,0
0.5042194128036499,1
0.6112385392189026,1
0.5779472589492798,1
0.5310306549072266,0
0.5949556827545166,1
0.547027587890625,1
0.5240415334701538,0
0.5167893171310425,1
0.5604661107063293,1
0.5179569721221924,0
0.5671453475952148,0
0.6233875751495361,1
0.5253634452819824,0
0.6678013205528259,1
0.5045529007911682,0
0.5285938382148743,0
0.5933085680007935,1
0.5157967805862427,0
0.5928034782409668,1
0.48610860109329224,1
0.5213205814361572,0
0.6257104873657227,1
0.4940803050994873,0
0.5710829496383667,1
0.5618288516998291,1
0.48768550157546997,0
0.6861444711685181,1
0.7437981367111206,1
0.4818447232246399,1
0.52647864818573,0
0.5509824752807617,1
0.5466909408569336,0
0.6503974199295044,1
0.5282502770423889,0
0.490689754486084,0
0.5324816703796387,0
0.7243422269821167,1
0.637627363204956,1
0.6488652229309082,1
0.6965656280517578,1
0.49583005905151367,0
0.6288561820983887,1
0.5594273805618286,0
0.5142511129379272,0
0.5521434545516968,1
0.6091865301132202,1
0.49751436710357666,0
0.5215321779251099,0
0.6931679248809814,1
0.6438698172569275,1
0.5294520854949951,1
0.5650472640991211,1
0.6393676400184631,1
0.6745136976242065,1
0.5773976445198059,0
0.5230355262756348,0
0.5999447107315063,1
0.5414857864379883,1
0.5159287452697754,0
0.6285114884376526,1
0.49405449628829956,0
0.492922842502594,0
0.7097442150115967,1
0.5260204076766968,0
0.49308133125305176,0
0.5408521294593811,1
0.6268515586853027,1
0.5142780542373657,0
0.5514333844184875,0
0.49300825595855713,0
0.669572114944458,1
0.5085734128952026,0
0.5474922060966492,1
0.6461058855056763,1
0.48344409465789795,0
0.48429441452026367,0
0.5164875984191895,0
0.5466435551643372,0
0.5411818027496338,0
0.5824087262153625,1
0.5271426439285278,1
0.5184119939804077,1
0.5166559219360352,0
0.5486570000648499,1
0.5403419137001038,1
0.6677241325378418,1
0.5341497659683228,0
0.5277001857757568,0
0.5026408433914185,0
0.5666618347167969,0
0.5589497089385986,0
0.5043033957481384,0
0.5265915393829346,1
0.5150448083877563,0
0.6936116218566895,1
0.5742432475090027,0
0.49243056774139404,0
0.49191683530807495,0
0.5282255411148071,0
0.5867654085159302,1
0.6429868936538696,1
0.5749063491821289,1
0.534826397895813,0
0.6493200063705444,1
0.5260677337646484,0
0.47259950637817383,0
0.6740435361862183,1
0.5344833731651306,0
0.7293416857719421,1
0.5546107888221741,0
0.5295119285583496,0
0.5425637364387512,1
0.4797095060348511,0
0.665233850479126,1
0.508723258972168,0
0.5242953300476074,0
0.4894945025444031,0
0.5867342948913574,1
0.5410038232803345,1
0.6642054319381714,1
0.5038512945175171,0
0.5347617864608765,0
0.49941354990005493,0
0.5197741985321045,0
0.6746636629104614,1
0.5206871032714844,0
0.48853665590286255,0
0.5496821403503418,0
0.6200443506240845,1
0.5109884142875671,0
0.5393269062042236,0
0.5512136220932007,1
0.516310453414917,0
0.653761625289917,1
0.5097147822380066,0
0.6946969032287598,1
0.4774242043495178,1
0.6225157976150513,1
0.5318847894668579,0
0.7207224369049072,1
0.610092282295227,1
0.5185866355895996,0
0.5333942770957947,1
0.7387838959693909,1
0.6531254053115845,1
0.6073874235153198,1
0.6272085905075073,1
0.5281938314437866,1
0.5245628356933594,0
0.5274103879928589,1
0.4849669933319092,0
0.7122679352760315,1
0.518582820892334,1
0.5991417765617371,1
0.5285215377807617,0
0.5052910447120667,1
0.4927677512168884,0
0.5833337306976318,0
0.634233832359314,0
0.534180760383606,1
0.624056339263916,1
0.5890368223190308,1
0.6390460729598999,1
0.6067891120910645,1
0.5122894048690796,0
0.5938684940338135,1
0.6531078815460205,1
0.5844333171844482,1
0.7452230453491211,1
0.5038349628448486,0
0.5405929088592529,0
0.549420177936554,1
0.516854465007782,0
0.49577802419662476,0
0.5207410454750061,0
0.6258419752120972,1
0.5624357461929321,1
0.583400547504425,1
0.5336281061172485,0
0.5001488327980042,0
0.6107380390167236,0
0.48425137996673584,0
0.6679372787475586,1
0.5866745710372925,1
0.5203821063041687,0
0.5201437473297119,1
0.5370430946350098,0
0.48485296964645386,0
0.5359917879104614,1
0.4941245913505554,0
0.5233050584793091,0
0.5187519788742065,0
0.6778568029403687,1
0.5166217088699341,0
0.5140289068222046,1
0.6300514936447144,0
0.5875694751739502,0
0.7212241291999817,1
0.568294882774353,1
0.5021296739578247,1
0.4861881732940674,0
0.5162767171859741,0
0.6625024080276489,1
0.520887017250061,1
0.5493628978729248,0
0.5399510860443115,0
0.5336884260177612,1
0.511488139629364,0
0.6176626682281494,0
0.5885026454925537,1
0.5378561019897461,0
0.6872304677963257,1
0.5204982757568359,0
0.4914214611053467,0
0.6498206853866577,1
0.7022037506103516,1
0.6017228364944458,1
0.745759129524231,1
0.48427385091781616,1
0.4946383833885193,0
0.5156880617141724,1
0.5271619558334351,0
0.6434626579284668,1
0.5288758873939514,0
0.6580758690834045,1
0.619174599647522,1
0.5070489645004272,0
0.5349423885345459,0
0.6924465298652649,1
0.5205403566360474,0
0.5345345735549927,0
0.559104323387146,1
0.5134195685386658,0
0.5845999717712402,1
0.5041288733482361,1
0.5301752090454102,0
0.5249367952346802,0
0.48655521869659424,0
0.5741360187530518,0
0.5146908164024353,0
0.5377526879310608,0
0.609362006187439,1
0.5511829257011414,0
0.6271857023239136,1
0.5221239328384399,0
0.6691218018531799,1
0.711718738079071,1
0.6425706744194031,1
0.49802273511886597,1
0.5727144479751587,1
0.5090091228485107,1
0.5726805925369263,1
0.5141159296035767,0
0.5865252017974854,0
0.5108205676078796,0
0.5193612575531006,1
0.682421088218689,1
0.5185389518737793,0
0.5578421354293823,1
0.5267150402069092,0
0.5359713435173035,0
0.5962865352630615,1
0.48975151777267456,0
0.5226142406463623,1
0.5832277536392212,1
0.6237018704414368,1
0.5473122000694275,1
0.7573603987693787,1
0.6515171527862549,1
0.5049147009849548,0
0.5465653538703918,0
0.551697850227356,0
0.6110930442810059,1
0.6553224325180054,1
0.5183645486831665,0
0.6009525060653687,1
0.5099575519561768,0
0.6212551593780518,1
0.5160531997680664,0
0.5097841024398804,0
0.5271778106689453,1
0.5646036863327026,1
0.6675201654434204,1
0.5082287788391113,0
0.5328912734985352,0
0.4989497661590576,0
0.5516097545623779,1
0.5036507844924927,0
0.6053421497344971,1
0.5638843178749084,1
0.6831245422363281,1
0.6444909572601318,1
0.5226531624794006,0
0.4914059042930603,0
0.6215867400169373,1
0.5233046412467957,0
0.6400076746940613,1
0.49470406770706177,0
0.6332319378852844,0
0.5939744710922241,1
0.5342835783958435,0
0.5291450023651123,0
0.489104688167572,0
0.5074940919876099,0
0.5383081436157227,0
0.6330535411834717,1
0.587525486946106,1
0.5318571329116821,0
0.48525577783584595,0
0.5704840421676636,1
0.5675472021102905,0
0.49992090463638306,1
0.48805421590805054,0
0.5013926029205322,0
0.6094502806663513,1
0.5426743626594543,0
0.6115900278091431,1
0.62019944190979,1
0.5020931959152222,0
0.5075714588165283,0
0.5011407136917114,0
0.5094534158706665,1
0.5752781629562378,1
0.5124821066856384,1
0.5244545340538025,0
0.6234128475189209,1
0.6504440903663635,1
0.5655609965324402,0
0.5917302370071411,1
0.5467201471328735,1
0.6646667718887329,1
0.587244987487793,1
0.5524098873138428,0
0.6088915467262268,1
0.5183558464050293,0
0.5529916882514954,0
0.5447105169296265,1
0.5180585980415344,0
0.732338011264801,1
0.5811895132064819,1
0.5165197253227234,0
0.7974904179573059,1
0.6241677403450012,1
0.5031144022941589,1
0.5730801820755005,0
0.5114126205444336,0
0.5162757039070129,0
0.50499427318573,0
0.6373462677001953,1
0.61556077003479,1
0.6656578779220581,1
0.6497644186019897,1
0.6451196670532227,1
0.5181894302368164,0
0.4987892508506775,1
0.6322730183601379,1
0.541839599609375,1
0.5509272813796997,0
0.5965023040771484,1
0.5783790349960327,1
0.5541276931762695,0
0.5115694999694824,0
0.6369448900222778,0
0.5441782474517822,1
0.5339772701263428,0
0.5969197750091553,1
0.5306729078292847,0
0.5037490129470825,0
0.6004572510719299,1
0.6151163578033447,1
0.5241988897323608,1
0.5569445490837097,0
0.5204441547393799,0
0.5332655906677246,0
0.5491411685943604,0
0.5262813568115234,1
0.49422699213027954,0
0.5310122966766357,1
0.5302952527999878,0
0.5597923994064331,0
0.49632686376571655,0
0.5074517130851746,0
0.6004971265792847,1
0.5458515286445618,0
0.4913346767425537,0
0.6323513388633728,1
0.5795331597328186,1
0.664572536945343,1
0.5110034942626953,1
0.5082156658172607,0
0.6456581354141235,1
0.6186818480491638,1
0.5714237689971924,0
0.5298433303833008,0
0.5041126012802124,0
0.7007951736450195,1
0.5134044289588928,1
0.5214091539382935,1
0.5787339210510254,1
0.5212574005126953,0
0.5400142669677734,1
0.6646389961242676,1
0.6991481781005859,1
0.5839570760726929,0
0.48376017808914185,0
0.5548219680786133,0
0.548925518989563,1
0.5198680758476257,1
0.5258262157440186,0
0.5104776620864868,0
0.467293918132782,1
0.5145180225372314,0
0.47059112787246704,0
0.5082279443740845,0
0.5930126309394836,1
0.5728459358215332,1
0.654235303401947,1
0.4922844171524048,0
0.5044050216674805,1
0.581733226776123,0
0.5385794639587402,0
0.5263111591339111,1
0.6466978788375854,1
0.49711334705352783,0
0.5062084794044495,0
0.5233665704727173,0
0.509952187538147,0
0.49578219652175903,0
0.5229810476303101,0
0.5681654810905457,0
0.552245557308197,0
0.51041579246521,0
0.6168032884597778,1
0.6634386777877808,1
0.6941426992416382,1
0.4921143054962158,1
0.6967785358428955,1
0.5158472061157227,0
0.543136477470398,0
0.5588644742965698,0
0.6636630296707153,1
0.5292104482650757,0
0.5257585048675537,0
0.5305664539337158,0
0.5103569030761719,1
0.47998225688934326,1
0.6575775742530823,1
0.6422955989837646,1
0.6358333230018616,1
0.6047637462615967,0
0.730487585067749,1
0.5279906988143921,0
0.5372395515441895,1
0.4846329689025879,0
0.5744649171829224,0
0.6533844470977783,1
0.6086894273757935,1
0.4967927932739258,0
0.5727618932723999,1
0.6017501354217529,1
0.6324715614318848,1
0.5643277764320374,0
0.5254981517791748,1
0.5770037174224854,0
0.5198028683662415,1
0.5889987945556641,1
0.5136983394622803,0
0.5847618579864502,0
0.5171347856521606,0
0.4817357659339905,0
0.5221928358078003,0
0.5035200119018555,0
0.5445596575737,1
0.7159357070922852,1
0.5292129516601562,0
0.5213956832885742,0
0.4961482286453247,0
0.7163788080215454,1
0.5909358263015747,0
0.6237703561782837,1
0.5239022374153137,0
0.6895862817764282,1
0.5321803689002991,1
0.5463526844978333,0
0.5200660228729248,1
0.648386538028717,1
0.5140723586082458,0
0.5977931022644043,1
0.6138470768928528,1
0.6188715696334839,1
0.5035645961761475,0
0.508053183555603,0
0.5055691599845886,0
0.5142101049423218,0
0.4903942346572876,0
0.7036531567573547,1
0.597318172454834,1
0.530917763710022,0
0.5219762921333313,0
0.6120206713676453,1
0.5629691481590271,1
0.623997688293457,0
0.5212092399597168,0
0.5478743314743042,0
0.5085724592208862,0
0.6325381994247437,1
0.5019010305404663,1
0.5272595882415771,0
0.5107170343399048,0
0.5767925977706909,0
0.4870569109916687,0
0.6510772705078125,1
0.5195955038070679,1
0.5334804058074951,0
0.5034505724906921,0
0.6864341497421265,1
0.6306036710739136,1
0.6646709442138672,0
0.5162184238433838,0
0.49601995944976807,1
0.5478024482727051,0
0.49900174140930176,0
0.5061966180801392,1
0.5161610245704651,0
0.4789215922355652,1
0.4985795021057129,0
0.521414041519165,0
0.5427147150039673,0
0.48894554376602173,0
0.5352967977523804,1
0.6761420965194702,1
0.5257940292358398,0
0.5348073244094849,0
0.5580079555511475,0
0.6612964868545532,1
0.5600404739379883,1
0.5112626552581787,0
0.568909764289856,0
0.5171542763710022,0
0.6304615139961243,1
0.7001601457595825,1
0.5666184425354004,0
0.5007179975509644,0
0.5752056837081909,1
0.700368344783783,1
0.616930365562439,1
0.4791540503501892,0
0.6525027751922607,1
0.5171446800231934,0
0.4982041120529175,0
0.5212713479995728,0
0.4724445343017578,0
0.5416828393936157,1
0.5229355096817017,0
0.5380436182022095,0
0.47656041383743286,0
0.6278630495071411,1
0.5199377536773682,0
0.5263432860374451,0
0.5187889337539673,0
0.5778939723968506,1
0.5920364856719971,1
0.49589306116104126,0
0.6504265666007996,1
0.49195045232772827,0
0.5488390922546387,1
0.5666934847831726,0
0.5068304538726807,0
0.6519291400909424,1
0.5003798007965088,1
0.5243785381317139,1
0.5463165044784546,0
0.6348242163658142,1
0.4919317960739136,0
0.5200082659721375,0
0.6737445592880249,1
0.5462566614151001,0
0.6181946992874146,1
0.645053505897522,1
0.6511118412017822,1
0.5073505640029907,0
0.5152362585067749,0
0.7180590629577637,1
0.5504852533340454,1
0.6195272207260132,1
0.5068487524986267,0
0.5213606357574463,0
0.5461533665657043,0
0.5590510368347168,0
0.619668185710907,1
0.5877194404602051,0
0.5204083323478699,0
0.551226019859314,0
0.5497946739196777,1
0.5393890142440796,0
0.5001152753829956,1
0.5174720883369446,1
0.617882490158081,1
0.5056086182594299,0
0.4906585216522217,0
0.5388436317443848,1
0.6161500215530396,0
0.5084073543548584,1
0.5608841180801392,0
0.5649409294128418,1
0.5630675554275513,1
0.6786463260650635,1
0.5154152512550354,0
0.7306740880012512,1
0.6454930305480957,1
0.5996196269989014,1
0.5368719100952148,0
0.5515849590301514,1
0.6417638063430786,1
0.5013955235481262,0
0.4862375259399414,0
0.5788750648498535,0
0.6086679697036743,1
0.5179630517959595,0
0.5057655572891235,0
0.5262734889984131,0
0.5905046463012695,1
0.6884283423423767,1
0.552493155002594,0
0.5149083733558655,0
0.49528634548187256,0
0.5358783006668091,0
0.562653660774231,0
0.6617704033851624,1
0.6169672608375549,0
0.5919623374938965,1
0.5909886360168457,1
0.6457264423370361,1
0.5781204104423523,1
0.5283072590827942,0
0.5060393810272217,0
0.49364036321640015,0
0.5381641387939453,0
0.5318139791488647,0
0.566869854927063,1
0.5364264249801636,1
0.6208921670913696,1
0.5220547914505005,0
0.5318847894668579,0
0.4992212653160095,0
0.505797266960144,0
0.5715720057487488,1
0.5691823959350586,1
0.6469261646270752,1
0.7485690116882324,1
0.4845160245895386,0
0.5386776924133301,1
0.5577588081359863,1
0.6118805408477783,1
0.5032942295074463,0
0.6462146043777466,1
0.5696080923080444,0
0.5204585790634155,1
0.5168074369430542,0
0.5207749605178833,1
0.4866331219673157,0
0.6481679081916809,1
0.6979169845581055,1
0.5273234844207764,1
0.6914697885513306,1
0.5028985738754272,0
0.5509036779403687,0
0.47416359186172485,0
0.6604165434837341,1
0.6547055244445801,1
0.607336163520813,0
0.6288506388664246,1
0.5911967754364014,1
0.6363856792449951,1
0.5628725290298462,0
0.5277349948883057,0
0.6503875851631165,0
0.7439419031143188,1
0.5596209764480591,1
0.5156130790710449,0
0.682014524936676,1
0.5714302062988281,1
0.6475510597229004,1
0.6603027582168579,1
0.6002172231674194,1
0.5847393274307251,0
0.6487308740615845,1
0.6038329601287842,1
0.5057960748672485,0
0.5274384617805481,0
0.5272535681724548,0
0.5658406019210815,1
0.578180193901062,0
0.5050444602966309,0
0.5126959085464478,0
0.5257595777511597,0
0.6273487210273743,1
0.6324506998062134,0
0.659343421459198,1
0.5685667991638184,1
0.6761201620101929,1
0.5120276212692261,0
0.6092867851257324,1
0.5137578845024109,1
0.5137407779693604,0
0.477230429649353,1
0.508123517036438,1
0.6989423036575317,1
0.493561327457428,0
0.5537837743759155,0
0.5226407051086426,0
0.4883219599723816,0
0.6971685886383057,1
0.5031289458274841,0
0.6326499581336975,1
0.5562065839767456,0
0.524621844291687,0
0.6419098973274231,1
0.5142077207565308,1
0.6243854761123657,0
0.5239124298095703,0
0.541122317314148,0
0.532599687576294,0
0.5665715336799622,1
0.5953887701034546,0
0.5353978276252747,0
0.5046685338020325,0
0.5671485662460327,0
0.5317474007606506,0
0.5215250849723816,1
0.5180835723876953,1
0.5041322708129883,0
0.4992830753326416,0
0.5377432107925415,0
0.5125582814216614,0
0.5017644762992859,0
0.6047574281692505,1
0.5256140232086182,0
0.6548469066619873,1
0.5485134124755859,0
0.53399658203125,1
0.6685552000999451,1
0.4934687614440918,0
0.539758563041687,1
0.6336612701416016,1
0.7095906734466553,1
0.5752246379852295,1
0.5208151936531067,1
0.5864384174346924,1
0.5372639894485474,0
0.5473014116287231,0
0.544711709022522,1
0.4782217741012573,1
0.5018455982208252,0
0.6163959503173828,1
0.6578956842422485,1
0.5052204132080078,0
0.5242587924003601,1
0.6448376774787903,1
0.5165048837661743,1
0.5994230508804321,0
0.5037184953689575,0
0.5064800977706909,0
0.49122893810272217,0
0.5157288908958435,0
0.516684889793396,0
0.5504411458969116,1
0.6319631934165955,0
0.5342340469360352,0
0.4749065041542053,1
0.5116206407546997,0
0.4920610189437866,0
0.5261114835739136,0
0.48067307472229004,0
0.5265525579452515,0
0.48858362436294556,0
0.6914348006248474,1
0.5169987678527832,0
0.6336672306060791,1
0.5860846042633057,1
0.5403929948806763,0
0.4929088354110718,0
0.5207916498184204,1
0.5814931392669678,1
0.5287001132965088,0
0.565494179725647,0
0.5655723810195923,1
0.5444984436035156,0
0.527733564376831,0
0.5164348483085632,0
0.593285322189331,1
0.7386873364448547,1
0.7135627269744873,1
0.4845240116119385,0
0.7336812615394592,1
0.571669340133667,0
0.5976982712745667,1
0.4926067590713501,0
0.48427051305770874,0
0.4979233741760254,0
0.5230209827423096,0
0.5251490473747253,0
0.6183679103851318,1
0.6022742986679077,1
0.5089961290359497,0
0.5349154472351074,0
0.579905092716217,0
0.5655346512794495,1
0.6002836227416992,1
0.5668356418609619,1
0.5508146286010742,0
0.6321523189544678,1
0.5035233497619629,0
0.6860113143920898,1
0.6655808687210083,1
0.5921272039413452,0
0.5143156051635742,0
0.6746488809585571,1
0.5568587779998779,1
0.5366045832633972,0
0.5116393566131592,0
0.4918462634086609,1
0.7067031264305115,1
0.6999291181564331,1
0.6944959163665771,1
0.5555059909820557,0
0.552169144153595,1
0.53516685962677,0
0.5085532665252686,0
0.5386613607406616,0
0.5566806793212891,1
0.7196049690246582,1
0.5339322090148926,0
0.6245251893997192,1
0.6623185276985168,1
0.5224571228027344,0
0.5285568237304688,0
0.5116333961486816,0
0.5407628417015076,0
0.6802524924278259,1
0.7417453527450562,1
0.5007307529449463,0
0.5814219117164612,1
0.5632097125053406,0
0.5668866634368896,1
0.5438750386238098,1
0.5366811752319336,0
0.5498491525650024,0
0.5635319948196411,1
0.6483503580093384,1
0.4890451431274414,0
0.5131824016571045,0
0.6000460982322693,1
0.5195631980895996,1
0.5098355412483215,0
0.5427950620651245,0
0.5216438174247742,0
0.517019510269165,0
0.528190016746521,1
0.5201112031936646,1
0.5133056640625,0
0.601822555065155,1
0.6498484015464783,1
0.7157673835754395,1
0.5489092469215393,1
0.5306260585784912,0
0.5788462162017822,0
0.5176472663879395,0
0.5858248472213745,1
0.8997752666473389,1
0.498565673828125,0
0.4976933002471924,0
0.685795247554779,1
0.5030914545059204,0
0.5764025449752808,1
0.5217188596725464,0
0.5323255062103271,0
0.5847627520561218,1
0.5334722995758057,0
0.6161330342292786,1
0.6291198134422302,1
0.6022548079490662,1
0.5354330539703369,0
0.5431531071662903,1
0.5200589895248413,0
0.6596955060958862,1
0.5196524858474731,1
0.6401516199111938,1
0.5757863521575928,1
0.6055232286453247,1
0.67057204246521,1
0.5332248210906982,0
0.5093346238136292,0
0.4965938329696655,0
0.5322564840316772,1
0.5155987739562988,0
0.533206582069397,0
0.6023151874542236,1
0.5125873684883118,0
0.5346719026565552,0
0.6544557809829712,1
0.5291305184364319,0
0.5229138135910034,0
0.5488251447677612,1
0.49929505586624146,0
0.506861686706543,0
0.6716468930244446,0
0.572076678276062,1
0.5213075280189514,0
0.5201867818832397,0
0.6209055185317993,1
0.5623259544372559,1
0.6629070043563843,1
0.6105873584747314,1
0.47313088178634644,0
0.6636004447937012,1
0.5048846006393433,0
0.4903564453125,1
0.5655744075775146,1
0.514859139919281,1
0.5028924942016602,0
0.573440670967102,1
0.6411294937133789,1
0.5049493312835693,0
0.5506424903869629,1
0.6167157888412476,1
0.7342346906661987,1
0.6075717210769653,1
0.6505057215690613,1
0.6693686842918396,1
0.5471155047416687,1
0.5259308815002441,1
0.5535054206848145,1
0.5210191011428833,0
0.5032188892364502,1
0.5776552557945251,0
0.5159064531326294,1
0.5761504173278809,1
0.5389751195907593,0
0.6746437549591064,1
0.4977568984031677,1
0.6145970225334167,1
0.5071926116943359,0
0.5108636617660522,0
0.5632801055908203,1
0.4817129373550415,0
0.5022135972976685,1
0.7044847011566162,1
0.5398593544960022,0
0.5697600245475769,1
0.4963323473930359,0
0.519229531288147,0
0.5642234683036804,0
0.5664673447608948,0
0.5786454677581787,0
0.6581532955169678,1
0.5212157368659973,0
0.5643222332000732,1
0.5898489952087402,1
0.5635012984275818,1
0.5492768883705139,1
0.5309511423110962,1
0.5079053044319153,0
0.5392211079597473,0
0.6141569018363953,1
0.540000319480896,0
0.54491126537323,0
0.5122924447059631,1
0.6082020998001099,1
0.5319772362709045,1
0.5335314273834229,0
0.5207979679107666,1
0.5276256203651428,0
0.5234352350234985,0
0.6796277761459351,1
0.7315248250961304,1
0.5216016173362732,0
0.503957986831665,0
0.5306840538978577,0
0.46770721673965454,0
0.5111864805221558,0
0.5890201330184937,0
0.5147721767425537,0
0.5256614685058594,0
0.5870236158370972,0
0.5072150230407715,1
0.5732554793357849,0
0.5434406399726868,0
0.5006272792816162,0
0.6552824974060059,1
0.5865765810012817,1
0.6226357221603394,1
0.48786306381225586,0
0.5580708980560303,0
0.7256960868835449,1
0.5321940183639526,1
0.6810226440429688,1
0.5698826909065247,0
0.5556780099868774,1
0.5198678970336914,0
0.5928681492805481,1
0.6411318778991699,1
0.5430827140808105,0
0.571173369884491,0
0.5373916029930115,0
0.6793133020401001,1
0.4869574308395386,0
0.5861170291900635,1
0.48561376333236694,0
0.5239676237106323,0
0.6723734736442566,1
0.8348866105079651,1
0.5113941431045532,0
0.49916112422943115,1
0.5273464322090149,1
0.5420626401901245,0
0.5061746835708618,0
0.6496027708053589,1
0.5626491904258728,0
0.6588263511657715,1
0.5085676908493042,0
0.5643524527549744,0
0.4913368821144104,0
0.7121677994728088,1
0.5274273157119751,1
0.4961113929748535,1
0.5786610841751099,1
0.6058287620544434,1
0.5260505676269531,0
0.5345117449760437,1
0.6177184581756592,1
0.4893721342086792,1
0.7239288091659546,1
0.5198469161987305,0
0.6549572944641113,1
0.6292105913162231,1
0.588240921497345,1
0.7473368644714355,1
0.523567795753479,1
0.6792610883712769,1
0.47705376148223877,0
0.6228653192520142,1
0.5647704601287842,0
0.5178350210189819,1
0.5730067491531372,1
0.49677640199661255,0
0.5343841314315796,0
0.5127204060554504,0
0.5611182451248169,0
0.5268104076385498,1
0.650337815284729,1
0.5450822710990906,0
0.6340303421020508,1
0.5407794713973999,0
0.5406452417373657,0
0.640705943107605,1
0.5659567713737488,0
0.6031160354614258,1
0.6698150038719177,1
0.5140101313591003,0
0.5279215574264526,0
0.4815152883529663,0
0.485576868057251,1
0.6574438810348511,1
0.6711325645446777,1
0.4664236903190613,0
0.5100184679031372,0
0.509158730506897,0
0.6194945573806763,1
0.5422835350036621,0
0.5467675924301147,0
0.5712097883224487,1
0.6018308401107788,1
0.5152890682220459,0
0.6541777849197388,1
0.498276948928833,0
0.5369051098823547,0
0.6106109023094177,1
0.6352999210357666,1
0.49399715662002563,0
0.5192571878433228,1
0.5167142152786255,1
0.6966664791107178,1
0.6093990802764893,1
0.6545573472976685,1
0.5183488130569458,0
0.4896787405014038,0
0.6052722334861755,1
0.5345157384872437,0
0.6242836713790894,1
0.6412688493728638,1
0.5131901502609253,0
0.5941243171691895,1
0.5742191076278687,1
0.5320091843605042,0
0.5299569368362427,0
0.5401654243469238,0
0.5039977431297302,0
0.48455578088760376,0
0.48026043176651,0
0.6984820365905762,1
0.6760722398757935,1
0.7286968231201172,1
0.598020076751709,1
0.562117338180542,1
0.4853858947753906,0
0.5495070815086365,0
0.5974735021591187,1
0.515694797039032,0
0.4981858730316162,0
0.5119746923446655,0
0.5206347703933716,0
0.6156993508338928,1
0.7052015066146851,1
0.4877097010612488,0
0.5057083368301392,0
0.5096721649169922,0
0.520679235458374,0
0.6487020254135132,1
0.5222889184951782,0
0.5368402004241943,1
0.6237800717353821,1
0.6170560121536255,1
0.6594774723052979,1
0.5925403237342834,1
0.5088492631912231,0
0.5946203470230103,1
0.5049911141395569,0
0.5940112471580505,1
0.6679638624191284,1
0.565514862537384,1
0.5551164150238037,1
0.5219069719314575,1
0.664185643196106,1
0.5336946249008179,0
0.4971497058868408,0
0.6183744668960571,1
0.5326018929481506,1
0.7191643714904785,1
0.49509620666503906,0
0.5168701410293579,0
0.5248541235923767,0
0.582203209400177,0
0.6846950054168701,1
0.6464961767196655,1
0.5047407150268555,1
0.6449978947639465,1
0.6486784219741821,1
0.5518916249275208,1
0.5139896869659424,0
0.5906473398208618,1
0.6196901202201843,1
0.5610809326171875,0
0.6791294813156128,1
0.510216236114502,0
0.5210850238800049,0
0.529294490814209,0
0.5406711101531982,0
0.5065266489982605,1
0.5448108911514282,0
0.6174609661102295,0
0.6484272480010986,1
0.5409058332443237,0
0.6100736856460571,1
0.6472796201705933,1
0.5504986643791199,0
0.6446888446807861,1
0.528871476650238,0
0.5074071884155273,0
0.5290123224258423,0
0.4838728904724121,1
0.6230990886688232,1
0.6249682903289795,1
0.5219644904136658,0
0.5965831279754639,1
0.5254398584365845,0
0.607100248336792,1
0.5117486715316772,0
0.6963114142417908,1
0.5184650421142578,0
0.537217915058136,0
0.6230787634849548,1
0.5604791641235352,1
0.5044548511505127,1
0.4813852906227112,0
0.556754469871521,1
0.6129871606826782,0
0.5108115077018738,0
0.6034876704216003,1
0.5447973012924194,0
0.5467880964279175,0
0.534448504447937,0
0.5611409544944763,0
0.5147410035133362,1
0.511355459690094,0
0.568637490272522,1
0.502764105796814,0
0.5284996032714844,0
0.4921073317527771,0
0.5595988035202026,0
0.5684158802032471,1
0.5335874557495117,0
0.5478048324584961,1
0.5761666893959045,1
0.5543233156204224,0
0.6060923337936401,1
0.6924532651901245,1
0.5324431657791138,0
0.5820027589797974,0
0.5136058330535889,0
0.5056349039077759,0
0.5732767581939697,1
0.5065535306930542,0
0.5317133665084839,0
0.6984792947769165,1
0.5336716175079346,0
0.5306515693664551,1
0.48639631271362305,0
0.5133966207504272,0
0.690916121006012,1
0.5425509214401245,0
0.6411628127098083,1
0.4954301118850708,0
0.4978458285331726,0
0.5908433198928833,1
0.5053906440734863,1
0.5957887172698975,0
0.5341647267341614,1
0.5524137616157532,1
0.5849742293357849,1
0.5244693756103516,0
0.7081219553947449,1
0.5520151853561401,0
0.510250449180603,0
0.4930155873298645,0
0.5213664770126343,0
0.6885844469070435,1
0.5528790950775146,0
0.5236891508102417,1
0.5237252712249756,0
0.5980230569839478,1
0.5576627254486084,0
0.5036574006080627,0
0.5099559426307678,0
0.5702677369117737,1
0.6535205841064453,1
0.5258013010025024,1
0.5815017223358154,1
0.5726526379585266,1
0.6421473026275635,1
0.6427468061447144,1
0.5128348469734192,0
0.4985899329185486,1
0.5481827259063721,0
0.5923413038253784,1
0.501937985420227,0
0.5090577006340027,0
0.6502816081047058,1
0.6637315154075623,1
0.509685754776001,0
0.5982365608215332,1
0.49784260988235474,0
0.6692211627960205,1
0.6462765336036682,1
0.5912033915519714,1
0.4950134754180908,1
0.5055614709854126,1
0.5494904518127441,1
0.5052605271339417,0
0.559622585773468,0
0.5141490697860718,0
0.5313686728477478,0
0.5481119155883789,0
0.5028195381164551,1
0.49040478467941284,0
0.5825226306915283,1
0.5440259575843811,0
0.5603363513946533,0
0.5772204995155334,1
0.4943055510520935,0
0.5745888948440552,0
0.5711715817451477,1
0.5122640132904053,0
0.4842913746833801,0
0.6540098190307617,1
0.5488103628158569,0
0.6141393184661865,1
0.5541739463806152,1
0.48870307207107544,0
0.5174545049667358,0
0.5503244996070862,1
0.7094910740852356,1
0.5855199098587036,1
0.7329542636871338,1
0.5115970373153687,0
0.5084083080291748,0
0.4977874755859375,0
0.6808336973190308,1
0.5526632070541382,1
0.6366894245147705,1
0.636201024055481,1
0.49179506301879883,0
0.6012388467788696,1
0.5831056833267212,1
0.6601294875144958,1
0.6468163132667542,1
0.4961545467376709,0
0.6341848373413086,1
0.5140767097473145,0
0.6375901699066162,1
0.7016066312789917,1
0.624169111251831,1
0.7219860553741455,1
0.5025694370269775,0
0.5584762096405029,1
0.518402099609375,0
0.5026649236679077,1
0.47626882791519165,1
0.6461237072944641,1
0.5349000692367554,1
0.6520017385482788,1
0.4979981780052185,0
0.4994947910308838,0
0.6252613067626953,1
0.5215597152709961,0
0.4932379722595215,0
0.513344407081604,0
0.5609173774719238,0
0.4917444586753845,0
0.6544462442398071,1
0.5518033504486084,0
0.49748969078063965,0
0.5116848349571228,0
0.5329208970069885,0
0.5469163060188293,1
0.5799356698989868,1
0.5889697670936584,1
0.5444049835205078,0
0.497592031955719,0
0.48687660694122314,0
0.532784104347229,0
0.6116938591003418,1
0.6007115244865417,1
0.49786919355392456,0
0.5667061805725098,1
0.6272115111351013,1
0.49754875898361206,0
0.6020247936248779,1
0.5487817525863647,0
0.5870106220245361,1
0.5739337205886841,1
0.679581880569458,1
0.5336840152740479,0
0.5151790976524353,1
0.6308900117874146,1
0.6927341818809509,1
0.5713430643081665,1
0.5170994997024536,0
0.6013094186782837,1
0.5520299077033997,1
0.5044026374816895,0
0.5968356728553772,1
0.6223861575126648,1
0.6306241750717163,1
0.5254065990447998,0
0.6961013078689575,1
0.5300765037536621,1
0.5289804935455322,0
0.5332851409912109,1
0.5272810459136963,1
0.5145971775054932,0
0.5647436380386353,0
0.5010571479797363,0
0.5122826099395752,0
0.5169470310211182,0
0.5589970946311951,1
0.5222573280334473,0
0.5768674612045288,1
0.5278229713439941,0
0.5389637351036072,1
0.6757891178131104,1
0.48574358224868774,0
0.5103384256362915,0
0.5978209972381592,1
0.5433139801025391,0
0.5110679864883423,0
0.502602756023407,0
0.6271966695785522,1
0.5304324626922607,0
0.5009192228317261,0
0.5210455656051636,0
0.5448954105377197,0
0.5234309434890747,0
0.5276920795440674,0
0.6333962678909302,1
0.6773166656494141,1
0.5256429314613342,0
0.5429587364196777,0
0.5526725649833679,0
0.5613369941711426,0
0.5380173921585083,0
0.553784966468811,1
0.5251027345657349,0
0.6070045828819275,0
0.5401642918586731,0
0.5191385746002197,0
0.626787543296814,1
0.5192655324935913,0
0.5286633968353271,0
0.5334973335266113,0
0.619647741317749,1
0.5487360954284668,0
0.5653015375137329,0
0.49775588512420654,1
0.5722460746765137,1
0.5149028301239014,0
0.6474147439002991,1
0.609505295753479,1
0.5057600736618042,0
0.6517784595489502,1
0.4976968765258789,1
0.6995459198951721,1
0.5087985992431641,0
0.5333855152130127,0
0.5522441864013672,0
0.5118156671524048,0
0.5189074277877808,0
0.49105191230773926,0
0.6073964238166809,1
0.4764866232872009,1
0.54742830991745,1
0.5942370891571045,1
0.47254258394241333,0
0.5629860162734985,0
0.6148989200592041,1
0.515044093132019,0
0.6506136059761047,0
0.5364844799041748,1
0.4985188841819763,0
0.49635493755340576,1
0.6267379522323608,1
0.7053231000900269,1
0.7069668173789978,1
0.5102840662002563,0
0.6429053544998169,1
0.5098728537559509,1
0.5031551718711853,0
0.5281554460525513,0
0.511845588684082,0
0.6263808608055115,1
0.5328638553619385,1
0.49144816398620605,1
0.5351661443710327,0
0.4905182719230652,0
0.5411908626556396,1
0.49042147397994995,0
0.5091289281845093,0
0.5575677156448364,0
0.5406777262687683,0
0.7057603597640991,1
0.5073882341384888,0
0.5224372148513794,1
0.49891358613967896,0
0.500700831413269,0
0.6184422373771667,1
0.4839707016944885,0
0.6683814525604248,1
0.4983345866203308,1
0.5203676223754883,0
0.550923228263855,0
0.5167654752731323,0
0.5301518440246582,0
0.5722802877426147,0
0.5109668970108032,1
0.5179436206817627,1
0.5353071689605713,0
0.5527052283287048,0
0.5264816284179688,0
0.5276241302490234,0
0.5995594263076782,1
0.6397615671157837,1
0.7219223976135254,1
0.6679210662841797,1
0.4998842477798462,1
0.5619398355484009,1
0.5033332109451294,0
0.6622442007064819,1
0.6349327564239502,1
0.5435470342636108,1
0.5072275996208191,0
0.5396031141281128,0
0.5165373086929321,0
0.5359296798706055,0
0.7221012115478516,1
0.6827719211578369,1
0.5185490846633911,0
0.5636123418807983,1
0.49903571605682373,0
0.5339778661727905,0
0.6038263440132141,1
0.5739506483078003,1
0.5153869390487671,0
0.5427156686782837,1
0.5812936425209045,1
0.5101354122161865,1
0.5528444051742554,0
0.5554155111312866,0
0.6702484488487244,1
0.6453098654747009,1
0.5036155581474304,0
0.5411583185195923,0
0.5098354816436768,1
0.5373916029930115,0
0.5384647846221924,0
0.8192130327224731,1
0.5134192705154419,0
0.72301185131073,1
0.5143337249755859,1
0.5121041536331177,0
0.68035489320755,1
0.5209921002388,1
0.5060935616493225,0
0.5719743967056274,1
0.6310075521469116,1
0.5403742790222168,0
0.5042135715484619,0
0.6464768648147583,1
0.5394656658172607,0
0.5218079090118408,0
0.6168293952941895,0
0.5337482690811157,0
0.5447104573249817,1
0.5820666551589966,1
0.5320859551429749,1
0.6305114030838013,1
0.4990689158439636,0
0.4883068799972534,0
0.5196982622146606,0
0.7432723045349121,1
0.6029338240623474,1
0.6653755307197571,1
0.534233808517456,0
0.5487510561943054,1
0.6078282594680786,1
0.5313880443572998,0
0.5263631343841553,0
0.7942390441894531,1
0.6139286756515503,1
0.5045199394226074,0
0.5759187340736389,1
0.6146399974822998,1
0.5387647151947021,1
0.6278396248817444,1
0.614264965057373,1
0.5074053406715393,0
0.573919415473938,0
0.7179827690124512,1
0.6056387424468994,1
0.62501060962677,1
0.5652416944503784,0
0.5342397689819336,1
0.4963015913963318,0
0.6154921054840088,1
0.47907525300979614,0
0.48274511098861694,0
0.5225038528442383,1
0.6259701251983643,1
0.5760889649391174,0
0.5409641861915588,0
0.543552041053772,0
0.5018672943115234,0
0.5335580110549927,0
0.5606687664985657,0
0.5145848393440247,0
0.5326954126358032,0
0.5059872269630432,0
0.5707526206970215,1
0.4936019778251648,0
0.5251975059509277,0
0.4938395023345947,0
0.5205996632575989,1
0.6628749370574951,1
0.5261425971984863,0
0.5383942127227783,1
0.5071211457252502,0
0.5166913270950317,0
0.597425639629364,0
0.6185088157653809,1
0.5019212961196899,0
0.5701733827590942,1
0.5386875867843628,0
0.5072522163391113,0
0.7804539799690247,1
0.5513042211532593,0
0.518963098526001,1
0.5211523771286011,1
0.5193241238594055,1
0.5675665736198425,1
0.5675345063209534,0
0.5273330807685852,1
0.5134089589118958,0
0.5734714269638062,1
0.6028608679771423,1
0.5876514911651611,1
0.5777718424797058,1
0.5371769666671753,0
0.5889711380004883,1
0.6982810497283936,1
0.5016521215438843,0
0.5377683639526367,0
0.49178940057754517,1
0.5506559610366821,1
0.49959784746170044,0
0.4924103021621704,1
0.5246884822845459,0
0.5298755168914795,1
0.48506659269332886,0
0.5750601291656494,1
0.6276345252990723,1
0.6289401054382324,1
0.5091689825057983,1
0.6175551414489746,1
0.511929988861084,0
0.5074020624160767,0
0.5378351807594299,0
0.5602967739105225,1
0.5186264514923096,0
0.6833644509315491,1
0.596790075302124,0
0.5087178945541382,0
0.4785650968551636,0
0.5104247331619263,0
0.587180495262146,0
0.6722875833511353,1
0.5657168030738831,1
0.6508166790008545,1
0.5945343375205994,1
0.5204060673713684,0
0.5306808948516846,0
0.5124208927154541,0
0.61399245262146,1
0.6534039974212646,1
0.5332611799240112,0
0.5120095610618591,0
0.5350384712219238,0
0.5433086156845093,0
0.5559842586517334,1
0.5653026103973389,0
0.49015480279922485,0
0.4954878091812134,0
0.603895902633667,1
0.49244624376296997,0
0.6414715051651001,1
0.741564154624939,1
0.6624901294708252,1
0.5085564851760864,0
0.5054044723510742,0
0.5101693272590637,0
0.5228105783462524,1
0.5001335144042969,1
0.5144491791725159,0
0.5787889957427979,1
0.5387263298034668,0
0.5199641585350037,0
0.5366679430007935,1
0.6358762979507446,1
0.5816968679428101,0
0.5527114868164062,1
0.6058955192565918,0
0.6179975271224976,1
0.49510079622268677,1
0.502698540687561,1
0.5017068386077881,0
0.518011212348938,1
0.635715126991272,1
0.5347635746002197,0
0.5027340650558472,0
0.6650208234786987,1
0.5367811322212219,1
0.4974467158317566,0
0.5393074750900269,1
0.6519465446472168,1
0.5761197209358215,1
0.6370681524276733,1
0.6376407146453857,1
0.581169843673706,1
0.625889003276825,1
0.6500186920166016,1
0.6280987858772278,1
0.5299321413040161,0
0.5420862436294556,0
0.4732778072357178,1
0.5192754864692688,0
0.5142203569412231,0
0.547311544418335,1
0.5213487148284912,0
0.4933614134788513,0
0.5036366581916809,0
0.6455577611923218,1
0.47845369577407837,0
0.5108706951141357,1
0.6729753017425537,1
0.5956557989120483,1
0.4880947470664978,0
0.5756959915161133,1
0.5659831166267395,1
0.5597786903381348,0
0.708478569984436,1
0.6300807595252991,1
0.5603029727935791,0
0.70912766456604,1
0.6117749214172363,1
0.6880456209182739,1
0.5406181812286377,1
0.5153627395629883,0
0.5291503667831421,0
0.6121985912322998,0
0.5108116269111633,0
0.5149068832397461,0
0.5923415422439575,1
0.5906982421875,1
0.508358359336853,0
0.5173242092132568,0
0.5119497776031494,0
0.5098602175712585,0
0.5378392934799194,0
0.5382006764411926,0
0.7393537163734436,1
0.5061788558959961,0
0.52784264087677,0
0.5099203586578369,1
0.5380724668502808,0
0.6106913685798645,1
0.5369937419891357,0
0.6044142246246338,0
0.5104652643203735,0
0.7382235527038574,1
0.6495934724807739,1
0.5008543729782104,0
0.5142450332641602,0
0.5198065042495728,0
0.5543067455291748,0
0.5571342706680298,0
0.6141633987426758,0
0.5208523869514465,0
0.5234986543655396,0
0.6480607390403748,1
0.49810224771499634,0
0.5133329629898071,0
0.5982866883277893,1
0.6074185371398926,1
0.5111939311027527,1
0.5428668856620789,0
0.5318267345428467,0
0.5260018110275269,0
0.49539047479629517,0
0.6717525720596313,1
0.5178192853927612,0
0.5064218640327454,1
0.7123497724533081,1
0.5423716902732849,1
0.5905101299285889,1
0.5176243782043457,0
0.7219434976577759,1
0.5118391513824463,0
0.6321092844009399,1
0.5098729133605957,0
0.4848923683166504,0
0.4990372061729431,0
0.5206378102302551,0
0.5383654832839966,1
0.6133370399475098,1
0.5139520168304443,1
0.5550224781036377,1
0.699873149394989,1
0.5727831125259399,1
0.5088492631912231,0
0.6301848888397217,1
0.6592873334884644,1
0.5245947241783142,0
0.5259525775909424,0
0.5368002653121948,0
0.5198466181755066,0
0.5959063768386841,1
0.7376676797866821,1
0.4792759418487549,0
0.6554012298583984,1
0.5439568758010864,1
0.5509719848632812,0
0.5845234394073486,1
0.5069462060928345,0
0.5027925372123718,0
0.6396507620811462,1
0.5181576013565063,0
0.6272169351577759,1
0.5473507642745972,1
0.5159162282943726,1
0.7618004083633423,1
0.6744170784950256,1
0.5151393413543701,0
0.6170814633369446,1
0.7335485219955444,1
0.5313986539840698,0
0.5278048515319824,0
0.5497531890869141,0
0.506455659866333,0
0.5372534990310669,1
0.5242323875427246,0
0.6026244163513184,1
0.6368229389190674,1
0.5717558860778809,1
0.4948502779006958,0
0.6365565061569214,1
0.49849772453308105,0
0.5374638438224792,0
0.7071269750595093,1
0.5157065391540527,0
0.7367028594017029,1
0.5270680785179138,1
0.665783166885376,1
0.5862736701965332,1
0.5654706954956055,0
0.6427437663078308,1
0.6698343753814697,1
0.6110367774963379,0
0.5307470560073853,0
0.6295713782310486,1
0.5056068301200867,1
0.5644435882568359,0
0.5772683620452881,0
0.5152140855789185,0
0.5223101377487183,0
0.5382522344589233,0
0.6952183246612549,1
0.6508021354675293,1
0.494428813457489,0
0.5395607948303223,0
0.5495785474777222,0
0.6254650354385376,1
0.5823885202407837,1
0.5994515419006348,1
0.6577156186103821,1
0.5034104585647583,0
0.5362738370895386,0
0.5204929113388062,0
0.6502386331558228,1
0.5292819738388062,0
0.6269323825836182,1
0.7868018746376038,1
0.6169023513793945,1
0.6180385947227478,1
0.559352695941925,1
0.524527907371521,1
0.5985881686210632,1
0.5375921130180359,0
0.5416444540023804,0
0.4809892773628235,0
0.5397270917892456,0
0.519070565700531,0
0.46985137462615967,1
0.6429257392883301,1
0.49728912115097046,1
0.7382597923278809,1
0.5478245615959167,1
0.5970631837844849,1
0.6838852167129517,1
0.5099356174468994,0
0.5190414190292358,1
0.629980206489563,1
0.6365233659744263,1
0.5213566422462463,0
0.5229504108428955,0
0.49440813064575195,0
0.5039370059967041,0
0.5401104092597961,1
0.48794859647750854,0
0.5176679491996765,0
0.4879642724990845,0
0.7422322034835815,1
0.5325727462768555,1
0.4791221022605896,0
0.5223243236541748,0
0.5211067199707031,0
0.5343440175056458,0
0.500129222869873,0
0.6107383370399475,1
0.6636215448379517,1
0.5332751870155334,0
0.6365219354629517,1
0.5224665403366089,0
0.5076755285263062,0
0.5083739757537842,1
0.5419619083404541,1
0.499748170375824,0
0.5367294549942017,0
0.6296547055244446,1
0.6047559976577759,0
0.5275284051895142,0
0.49791598320007324,0
0.48169243335723877,0
0.5468305349349976,0
0.5935806035995483,1
0.5896322727203369,1
0.4824056625366211,0
0.5299635529518127,0
0.49698948860168457,0
0.5131967067718506,0
0.5521798133850098,0
0.5821946859359741,1
0.5287879705429077,0
0.5048466324806213,1
0.5239900350570679,0
0.565196692943573,0
0.509897768497467,0
0.5039829611778259,1
0.5532234907150269,1
0.5117127895355225,0
0.5591766834259033,1
0.5888834595680237,0
0.5323269367218018,0
0.5196911096572876,0
0.4976835250854492,0
0.554984450340271,1
0.5534316301345825,0
0.493045449256897,0
0.5123229622840881,1
0.6662375330924988,1
0.5599654912948608,1
0.6528801918029785,1
0.5761606693267822,1
0.49444395303726196,0
0.5000693798065186,0
0.5183484554290771,0
0.5219968557357788,1
0.5143935680389404,1
0.4923686385154724,0
0.48665833473205566,1
0.5438532829284668,1
0.5062557458877563,0
0.6064976453781128,0
0.5786238312721252,1
0.6070969700813293,1
0.5521447062492371,0
0.5378494262695312,1
0.508135974407196,0
0.48413175344467163,0
0.5078247785568237,0
0.5291492342948914,0
0.5130500793457031,0
0.7001322507858276,1
0.5498833060264587,0
0.5130777955055237,0
0.5849461555480957,1
0.5017789602279663,0
0.5168098211288452,0
0.6179912090301514,1
0.5148158073425293,0
0.7310221791267395,1
0.538513720035553,0
0.6407878398895264,0
0.631152331829071,1
0.523284912109375,0
0.5651726722717285,1
0.5187190175056458,0
0.5187273621559143,1
0.5044065713882446,0
0.49106794595718384,0
0.5847101807594299,1
0.504791259765625,0
0.6399717330932617,0
0.7100707292556763,1
0.5296816825866699,0
0.5193121433258057,0
0.5909744501113892,0
0.531158447265625,1
0.6106777787208557,1
0.5017646551132202,0
0.7168936729431152,1
0.5096685886383057,0
0.5028943419456482,0
0.5111429691314697,1
0.6199173927307129,1
0.6319566369056702,1
0.5629069209098816,0
0.6045312881469727,1
0.666252613067627,1
0.6345486640930176,1
0.48075729608535767,0
0.6501768827438354,1
0.6145409345626831,1
0.6278603672981262,1
0.4977062940597534,1
0.5019681453704834,0
0.5257366895675659,0
0.6437201499938965,1
0.5781925916671753,0
0.5900893211364746,1
0.5061622858047485,0
0.528367280960083,0
0.5507857203483582,0
0.5108660459518433,0
0.5843969583511353,1
0.579376220703125,0
0.5986616611480713,0
0.4883156418800354,0
0.5290966033935547,0
0.5416818261146545,1
0.5097166299819946,0
0.5548490881919861,0
0.5120728015899658,0
0.5291175842285156,1
0.5947247743606567,1
0.5401788949966431,0
0.5102722644805908,1
0.5293244123458862,0
0.6599427461624146,1
0.5747793912887573,0
0.6475861072540283,1
0.6805496215820312,1
0.6506503820419312,1
0.4877246618270874,0
0.5201607346534729,1
0.4876311421394348,0
0.5051321983337402,0
0.5870871543884277,1
0.6381596922874451,1
0.6572413444519043,1
0.5049673318862915,0
0.6191222071647644,1
0.5030663013458252,0
0.46848487854003906,0
0.5028920769691467,1
0.5472735166549683,0
0.5096875429153442,0
0.5064202547073364,0
0.6155201196670532,1
0.5649505853652954,0
0.5202564001083374,0
0.5136357545852661,1
0.550247073173523,1
0.7726366519927979,1
0.6869252920150757,1
0.5599149465560913,1
0.5217714309692383,0
0.5274115800857544,0
0.5492581129074097,0
0.5113206505775452,0
0.5226109027862549,1
0.6103624701499939,1
0.5716511011123657,0
0.5561619997024536,1
0.48671209812164307,0
0.5389190912246704,0
0.5121431350708008,0
0.5086401104927063,0
0.6142566204071045,1
0.6485816240310669,1
0.6697946786880493,1
0.6134728193283081,1
0.5494931936264038,1
0.5915818214416504,1
0.5156006813049316,0
0.5462673902511597,1
0.590840220451355,1
0.638343095779419,1
0.5076260566711426,1
0.5829629898071289,0
0.5132880210876465,0
0.5531916618347168,0
0.537664532661438,0
0.5636444091796875,0
0.6393740177154541,1
0.5323381423950195,0
0.5937843322753906,0
0.626971960067749,1
0.561157763004303,1
0.6432399153709412,1
0.5233316421508789,1
0.5444039106369019,0
0.5226341485977173,1
0.5017598867416382,0
0.5165517330169678,0
0.6206681728363037,1
0.5360168218612671,0
0.5240970849990845,0
0.6579412817955017,1
0.5744649171829224,1
0.5089797973632812,0
0.5407160520553589,0
0.5022270083427429,0
0.5289144515991211,1
0.5151121020317078,0
0.6749044060707092,1
0.5556830167770386,1
0.5239439606666565,0
0.5088165998458862,0
0.5680724382400513,1
0.5287474393844604,0
0.51090407371521,0
0.4783926010131836,0
0.7230533361434937,1
0.56960129737854,1
0.5678067207336426,1
0.5203343033790588,0
0.521761953830719,0
0.5054243803024292,0
0.5988497734069824,1
0.5159063339233398,0
0.4934269189834595,0
0.6437780261039734,1
0.4865591526031494,0
0.5235893130302429,0
0.6277333498001099,1
0.6390272378921509,1
0.6217575669288635,1
0.5274163484573364,0
0.5348222255706787,0
0.49257051944732666,0
0.5631239414215088,1
0.5814926624298096,1
0.5192065238952637,0
0.533075213432312,0
0.5517299175262451,1
0.6318174600601196,1
0.49934595823287964,1
0.5884525775909424,1
0.5266492962837219,0
0.5163912773132324,0
0.5283074378967285,0
0.534723162651062,1
0.5152638554573059,0
0.5305674076080322,0
0.7166944742202759,1
0.5152528285980225,0
0.5093331933021545,1
0.5080861449241638,0
0.5660067200660706,0
0.5505722761154175,0
0.6599563360214233,1
0.5186063051223755,0
0.6154741048812866,1
0.5402542948722839,1
0.7230035066604614,1
0.670757532119751,1
0.5115646719932556,0
0.5472404956817627,1
0.5026856660842896,0
0.5098498463630676,0
0.5232328176498413,0
0.5937104225158691,1
0.5711029767990112,1
0.5831690430641174,1
0.6674419045448303,1
0.7207562327384949,1
0.5079251527786255,0
0.5286496877670288,1
0.578656792640686,1
0.5657613277435303,1
0.5294269919395447,0
0.6533224582672119,1
0.6077712774276733,1
0.5304335355758667,0
0.5388628244400024,0
0.5369663238525391,0
0.5498141646385193,0
0.520960807800293,0
0.5727139711380005,1
0.5327575206756592,1
0.502271294593811,0
0.6335903406143188,1
0.5714185237884521,0
0.5119273066520691,0
0.5292000770568848,0
0.6059998273849487,0
0.5673507452011108,0
0.48912858963012695,0
0.5829726457595825,1
0.497308611869812,0
0.4961198568344116,0
0.5523971319198608,1
0.6363238096237183,1
0.5880212783813477,1
0.5357729196548462,0
0.5663229823112488,1
0.5300002098083496,1
0.6031294465065002,1
0.4679678678512573,0
0.6597234010696411,1
0.6034636497497559,1
0.5531882047653198,1
0.5258207321166992,1
0.4938291311264038,0
0.49955224990844727,1
0.558650016784668,0
0.6106157898902893,1
0.5481512546539307,1
0.628803014755249,1
0.5056227445602417,0
0.6966142654418945,1
0.5798311829566956,0
0.5192692875862122,1
0.5412675142288208,0
0.5932515859603882,1
0.6232500076293945,1
0.6546494960784912,1
0.5228191614151001,0
0.498751163482666,0
0.5621440410614014,0
0.4887480139732361,0
0.500116229057312,0
0.4996263384819031,0
0.5484319925308228,0
0.604508101940155,1
0.736559271812439,1
0.7172002792358398,1
0.5539768934249878,0
0.5324794054031372,0
0.5325698852539062,0
0.5084376335144043,0
0.459092915058136,0
0.5876966714859009,0
0.6361686587333679,1
0.5866208672523499,1
0.586087703704834,1
0.5343934297561646,0
0.5571997165679932,0
0.6890770196914673,1
0.45556944608688354,0
0.5847949981689453,1
0.4818859100341797,1
0.5135437846183777,0
0.6467729806900024,1
0.7154006958007812,1
0.5063468217849731,0
0.496016263961792,0
0.5285834074020386,0
0.5328372716903687,0
0.5887798070907593,1
0.56733238697052,0
0.5550240874290466,1
0.4898619055747986,0
0.6428779363632202,1
0.5513241291046143,1
0.5711456537246704,1
0.6510761976242065,1
0.6222635507583618,1
0.5400675535202026,1
0.5461767911911011,0
0.48731112480163574,0
0.5175118446350098,1
0.5769672989845276,0
0.6846627593040466,1
0.6026912331581116,1
0.549095630645752,1
0.5106345415115356,0
0.700488805770874,1
0.5582627058029175,1
0.5279607772827148,0
0.5484639406204224,1
0.6640899181365967,1
0.5268794298171997,1
0.5422429442405701,0
0.5415960550308228,0
0.5127795934677124,0
0.49549585580825806,0
0.67307049036026,1
0.6256189346313477,1
0.4936332106590271,0
0.5071955919265747,0
0.6361918449401855,1
0.769986629486084,1
0.5008302927017212,0
0.4892188310623169,0
0.5075331926345825,0
0.7052289843559265,1
0.5519437789916992,0
0.6408516764640808,1
0.5157707929611206,0
0.5738188028335571,0
0.6693904399871826,0
0.552897572517395,0
0.5532773733139038,0
0.46925854682922363,0
0.5308374762535095,0
0.6735212802886963,1
0.6797306537628174,1
0.5354180335998535,0
0.5351537466049194,1
0.611709713935852,1
0.5091183185577393,0
0.5616240501403809,0
0.557494044303894,0
0.5111134648323059,0
0.7653173208236694,1
0.5202406644821167,0
0.5102837681770325,0
0.6028514504432678,1
0.48099422454833984,0
0.5304660201072693,0
0.5537801384925842,1
0.6066471338272095,1
0.5056231021881104,0
0.5053142309188843,0
0.645033597946167,1
0.68505859375,1
0.5410134792327881,0
0.5446592569351196,0
0.64077228307724,1
0.5802609324455261,1
0.5873806476593018,1
0.5132538080215454,0
0.539920449256897,0
0.5943813323974609,1
0.5109198093414307,1
0.5377500057220459,0
0.6803891658782959,1
0.5246768593788147,0
0.5383724570274353,1
0.5055268406867981,0
0.5185164213180542,0
0.6878736019134521,1
0.5141290426254272,0
0.5897814035415649,1
0.5059207081794739,1
0.6127996444702148,1
0.5406558513641357,1
0.7280415892601013,1
0.547964334487915,1
0.5715086460113525,0
0.616360604763031,0
0.5476391315460205,1
0.5573527216911316,0
0.5651372075080872,0
0.5288630723953247,1
0.48740077018737793,1
0.4956943988800049,0
0.5185837745666504,1
0.6446678638458252,1
0.6970551609992981,1
0.6679016351699829,1
0.6206786632537842,1
0.6771838665008545,1
0.6255539655685425,1
0.5314666032791138,0
0.5261473655700684,0
0.6363182067871094,1
0.5961760878562927,1
0.5294812917709351,0
0.5367147922515869,0
0.5762718915939331,1
0.5503003597259521,0
0.5066932439804077,0
0.5466865301132202,1
0.5042446255683899,0
0.6992132663726807,1
0.5296065211296082,0
0.519533097743988,0
0.5081738233566284,0
0.518973708152771,0
0.5978708863258362,1
0.5405298471450806,1
0.566382646560669,0
0.6287800073623657,1
0.49876147508621216,0
0.5425816774368286,1
0.5158342123031616,0
0.5865054130554199,1
0.5197235345840454,0
0.5305155515670776,0
0.48626649379730225,0
0.7472742795944214,1
0.500198245048523,0
0.6204915642738342,1
0.6304593086242676,1
0.5017063021659851,0
0.6698846817016602,1
0.5125463008880615,0
0.4936067461967468,0
0.5154688954353333,0
0.5255298614501953,0
0.4902383089065552,0
0.6686161160469055,1
0.586738109588623,1
0.4632425904273987,0
0.6582622528076172,1
0.569159746170044,0
0.5200681090354919,1
0.5412461757659912,0
0.4990769624710083,0
0.5078055262565613,1
0.4901435971260071,0
0.5440239906311035,1
0.5188174843788147,0
0.4973497986793518,0
0.5706114768981934,0
0.5825613737106323,0
0.49638551473617554,1
0.5341953039169312,0
0.49445998668670654,0
0.500643253326416,0
0.512998640537262,0
0.630394458770752,1
0.540988564491272,0
0.537882387638092,1
0.5750409364700317,1
0.6455356478691101,1
0.5234440565109253,0
0.5109757781028748,0
0.5334346890449524,0
0.5047562718391418,0
0.4927177429199219,1
0.7062593698501587,1
0.5436279773712158,0
0.5281335115432739,0
0.4843931198120117,0
0.4961150288581848,0
0.5662869811058044,0
0.4942471981048584,0
0.5513672828674316,1
0.5923954248428345,1
0.49118417501449585,0
0.524438738822937,0
0.5186029672622681,0
0.6474374532699585,1
0.6940543055534363,1
0.5156029462814331,0
0.5302077531814575,1
0.5341939926147461,0
0.5260583162307739,0
0.540673017501831,1
0.47913646697998047,0
0.5742726922035217,0
0.5319101810455322,0
0.6926966905593872,1
0.5402917861938477,0
0.488985538482666,0
0.7393518090248108,1
0.5048928260803223,0
0.6082371473312378,1
0.6206372976303101,1
0.49284476041793823,0
0.6885373592376709,1
0.6485840082168579,1
0.49797070026397705,0
0.5184801816940308,0
0.5237023234367371,0
0.6330881118774414,1
0.6069568395614624,1
0.732825756072998,1
0.5756970643997192,1
0.5132256746292114,0
0.5173256993293762,0
0.5464600920677185,0
0.5573306083679199,1
0.5682321786880493,1
0.6577601432800293,1
0.5273688435554504,0
0.5230848789215088,0
0.5135185718536377,0
0.5097492337226868,0
0.5370703935623169,1
0.645334005355835,1
0.5494108200073242,1
0.5502368211746216,1
0.662591814994812,1
0.6228139400482178,1
0.5560712218284607,0
0.5380665063858032,0
0.5063152313232422,0
0.5296983122825623,0
0.5916990041732788,1
0.5316711068153381,1
0.5975631475448608,1
0.49379271268844604,0
0.5146000981330872,0
0.6281065940856934,1
0.49323582649230957,0
0.4988853931427002,0
0.5314685106277466,1
0.5484627485275269,0
0.4809545874595642,0
0.6212493181228638,1
0.5460575819015503,0
0.5642482042312622,0
0.5114619731903076,1
0.5197881460189819,0
0.49837231636047363,0
0.5515345335006714,0
0.49730634689331055,1
0.5848985910415649,1
0.6095688343048096,1
0.48113906383514404,0
0.5774812698364258,1
0.6264044046401978,0
0.6354576349258423,1
0.6094158887863159,1
0.4876868724822998,0
0.5302244424819946,0
0.5268428325653076,0
0.6867649555206299,1
0.5024071931838989,0
0.5161401033401489,0
0.5798953771591187,1
0.5113526582717896,0
0.6236595511436462,1
0.4989779591560364,0
0.5285419225692749,0
0.6278316974639893,1
0.6571649312973022,0
0.5203976631164551,0
0.5671042203903198,1
0.5053671598434448,1
0.520843505859375,0
0.5418570041656494,0
0.6264182329177856,1
0.6200401782989502,1
0.5611432790756226,1
0.7036271095275879,1
0.5395572185516357,0
0.488330602645874,0
0.5119062662124634,0
0.6292558908462524,1
0.5840855836868286,1
0.5011985898017883,0
0.6301875114440918,1
0.5233769416809082,0
0.5286768078804016,0
0.5067868828773499,0
0.619228720664978,1
0.6069934368133545,1
0.5262467861175537,0
0.4962683320045471,0
0.5575685501098633,1
0.5960352420806885,1
0.48649829626083374,1
0.5556151866912842,1
0.6576387882232666,1
0.6540630459785461,1
0.5177368521690369,1
0.6481349468231201,1
0.6366565227508545,1
0.5422360301017761,0
0.556716799736023,1
0.6874949336051941,1
0.5199252963066101,0
0.54702228307724,1
0.6570186018943787,1
0.5230599641799927,0
0.510610818862915,1
0.5385476350784302,1
0.5163488984107971,0
0.6387946605682373,1
0.5418263673782349,1
0.533872127532959,0
0.6296364068984985,1
0.5882670879364014,1
0.667102575302124,1
0.611850380897522,1
0.4844566583633423,0
0.5274249315261841,0
0.5193119049072266,0
0.6237984895706177,1
0.49813729524612427,0
0.5232616066932678,1
0.6182727813720703,1
0.6812155246734619,1
0.4994794726371765,0
0.5337225794792175,0
0.50785231590271,0
0.6499000191688538,1
0.5175617933273315,0
0.5008134841918945,1
0.5148460865020752,0
0.5054463148117065,0
0.5593091249465942,1
0.5481906533241272,0
0.6678823232650757,1
0.5106549263000488,0
0.5165607929229736,0
0.6457787752151489,1
0.621402382850647,1
0.7323830723762512,1
0.5174682140350342,1
0.5235967636108398,0
0.4844302535057068,0
0.49649256467819214,1
0.6206263303756714,1
0.5755118131637573,1
0.5226927995681763,0
0.7079859972000122,1
0.5540568828582764,1
0.5226513147354126,0
0.5179340839385986,1
0.594652533531189,1
0.5343033075332642,0
0.6402628421783447,1
0.6550102233886719,1
0.6403695344924927,1
0.5306228995323181,0
0.5609898567199707,0
0.7949374318122864,1
0.60518479347229,0
0.5471259951591492,1
0.5513174533843994,1
0.6698637008666992,1
0.5155266523361206,0
0.5535037517547607,1
0.5114296674728394,0
0.5091012716293335,0
0.5933912992477417,1
0.617571234703064,0
0.5341330766677856,0
0.49367213249206543,1
0.6981493234634399,1
0.5807373523712158,1
0.5338447690010071,1
0.48705118894577026,0
0.6457162499427795,1
0.6597860455513,1
0.658033549785614,1
0.5772002339363098,0
0.7104357481002808,1
0.6075703501701355,1
0.6629583835601807,1
0.6543653011322021,1
0.5510779619216919,1
0.5192821025848389,1
0.5686205625534058,1
0.5395562052726746,0
0.5241081714630127,0
0.6868575811386108,1
0.6308503746986389,1
0.4925142526626587,0
0.5175928473472595,0
0.5136557817459106,0
0.6784849762916565,1
0.5065802931785583,0
0.5020472407341003,0
0.49890023469924927,0
0.5242014527320862,0
0.6189876198768616,1
0.7373239398002625,1
0.6860127449035645,1
0.4989718794822693,0
0.6791523694992065,1
0.602545976638794,0
0.5892519950866699,0
0.5386611819267273,1
0.5445743799209595,0
0.5512380599975586,1
0.523451566696167,0
0.49245667457580566,0
0.5709501504898071,0
0.5068607330322266,1
0.5471093654632568,0
0.5772279500961304,0
0.5635403394699097,0
0.4950682520866394,0
0.5137329697608948,0
0.5215740203857422,0
0.5098282098770142,0
0.4898539185523987,0
0.6353862285614014,1
0.4800252318382263,0
0.682165801525116,1
0.5183970332145691,0
0.49091804027557373,0
0.4877397418022156,0
0.6357730627059937,1
0.5397325754165649,0
0.5090314149856567,0
0.5640482902526855,1
0.5765252113342285,0
0.6115550994873047,1
0.4821726083755493,1
0.6699248552322388,1
0.696071982383728,1
0.5384917259216309,0
0.7151992917060852,1
0.615570068359375,1
0.6147704124450684,1
0.5172363519668579,1
0.5368435978889465,0
0.472645103931427,0
0.5482521057128906,0
0.5043102502822876,0
0.5302101373672485,1
0.6380304098129272,1
0.6124800443649292,1
0.5905596017837524,1
0.6434361934661865,1
0.5689322352409363,1
0.5193833112716675,1
0.5176692008972168,0
0.5116547346115112,0
0.5095902681350708,0
0.654991865158081,1
0.5547372102737427,0
0.5219136476516724,0
0.6810554265975952,1
0.6306984424591064,1
0.525826096534729,1
0.5014728307723999,0
0.5157182812690735,1
0.6431192755699158,1
0.5240007638931274,0
0.7587112784385681,1
0.6077327728271484,1
0.681472897529602,1
0.6035811901092529,0
0.5028822422027588,1
0.48854392766952515,0
0.4855692386627197,1
0.5259345769882202,0
0.5086498260498047,0
0.6432114243507385,1
0.51889967918396,0
0.5234158635139465,1
0.5109374523162842,1
0.49477696418762207,0
0.510863184928894,0
0.5218157768249512,0
0.9190059900283813,1
0.5660381317138672,1
0.5063782930374146,0
0.6070114374160767,1
0.6358985304832458,1
0.7085409164428711,1
0.6201310753822327,1
0.49798423051834106,0
0.5190078020095825,0
0.6077291965484619,1
0.4838488698005676,0
0.5297892093658447,0
0.5470913648605347,0
0.47162097692489624,0
0.5536462068557739,1
0.49818289279937744,1
0.5280256271362305,1
0.5473463535308838,1
0.6079431176185608,1
0.6233742237091064,1
0.5431984066963196,0
0.5288701057434082,0
0.519878625869751,0
0.503031849861145,0
0.5627193450927734,1
0.598737359046936,1
0.51059889793396,0
0.5701107382774353,1
0.618588924407959,1
0.5493778586387634,0
0.5530553460121155,0
0.5163164734840393,0
0.49430257081985474,0
0.5487021207809448,0
0.5233516693115234,1
0.5858138799667358,0
0.5061310529708862,0
0.504081130027771,1
0.66520094871521,1
0.5415636301040649,0
0.5622625946998596,1
0.5132105350494385,0
0.6293599605560303,1
0.512259304523468,1
0.5095810890197754,0
0.6526961326599121,1
0.5010820031166077,0
0.5186837911605835,0
0.6026875972747803,1
0.49755948781967163,0
0.511161208152771,0
0.6752591133117676,1
0.5422227382659912,0
0.48580294847488403,0
0.5157629251480103,0
0.5030539035797119,1
0.49519991874694824,0
0.6832684278488159,1
0.7058062553405762,1
0.7001349329948425,1
0.5064824819564819,0
0.5476016998291016,1
0.5111084580421448,0
0.5931832790374756,1
0.7037988901138306,1
0.5146453380584717,0
0.5671110153198242,1
0.515487790107727,0
0.6920687556266785,1
0.5105946063995361,1
0.579378068447113,1
0.6309541463851929,1
0.5220507979393005,1
0.5514189004898071,0
0.5281322598457336,0
0.6091289520263672,1
0.6041828393936157,1
0.6600710153579712,1
0.5191366672515869,1
0.5209012031555176,0
0.5914223790168762,1
0.5811849236488342,1
0.5482964515686035,0
0.5511350035667419,1
0.5033944845199585,1
0.5040831565856934,0
0.5084452629089355,1
0.5484600067138672,1
0.5994396209716797,1
0.52812659740448,0
0.5101385712623596,0
0.5165570974349976,0
0.568389356136322,0
0.49222636222839355,0
0.532106339931488,0
0.6177552342414856,1
0.6093628406524658,1
0.5280487537384033,0
0.6113573312759399,1
0.4912104606628418,0
0.6115502119064331,1
0.5639840364456177,0
0.5373526811599731,0
0.6280300617218018,1
0.5098394155502319,0
0.5474907159805298,0
0.5200918912887573,1
0.518425703048706,1
0.5012321472167969,0
0.47852885723114014,0
0.5267201662063599,0
0.5244926810264587,1
0.5394992828369141,1
0.508368968963623,1
0.5984814167022705,1
0.5205439925193787,0
0.5749280452728271,1
0.5450325012207031,1
0.5384268760681152,1
0.5429580211639404,0
0.676524817943573,1
0.5224316716194153,0
0.5677086114883423,1
0.580295979976654,1
0.5352121591567993,0
0.5133270025253296,1
0.5214463472366333,0
0.5859119892120361,1
0.5513977408409119,1
0.5119361281394958,0
0.5156104564666748,0
0.5378289222717285,0
0.5479404926300049,0
0.6945356726646423,1
0.49682629108428955,1
0.7486593723297119,1
0.48945242166519165,0
0.5901020169258118,1
0.6029782295227051,1
0.5224343538284302,0
0.5908621549606323,0
0.5383906364440918,1
0.48759281635284424,0
0.5198119878768921,0
0.4969560503959656,1
0.6307340264320374,1
0.5307503342628479,0
0.5317121744155884,0
0.5542146563529968,1
0.6142566800117493,1
0.5216395854949951,0
0.537874698638916,0
0.5275100469589233,0
0.502517819404602,1
0.49613016843795776,0
0.7653136849403381,1
0.5462176203727722,0
0.5755778551101685,0
0.5997408628463745,1
0.5618175268173218,0
0.6755795478820801,1
0.7097278833389282,1
0.5500200986862183,0
0.5081053972244263,0
0.536241888999939,0
0.47464895248413086,0
0.7012163400650024,1
0.49145078659057617,0
0.6711267828941345,1
0.5077332258224487,0
0.6615939140319824,1
0.4884070158004761,0
0.5433282852172852,0
0.6050309538841248,1
0.5458559393882751,0
0.48150235414505005,0
0.6271462440490723,1
0.5007144212722778,0
0.508224606513977,0
0.5359954833984375,0
0.6664947271347046,1
0.5242956876754761,0
0.6211371421813965,1
0.5198419094085693,1
0.5363843441009521,1
0.5280382037162781,0
0.5557373762130737,0
0.688107967376709,1
0.6892552375793457,1
0.6707160472869873,1
0.5675455331802368,1
0.476986825466156,0
0.5251957774162292,1
0.5640666484832764,0
0.5728322267532349,0
0.7291691303253174,1
0.5816025137901306,1
0.573955774307251,1
0.6204553842544556,1
0.6339988708496094,1
0.6937674283981323,1
0.5126599073410034,0
0.5424951910972595,0
0.5890426635742188,1
0.5714759230613708,1
0.55769282579422,1
0.6084538698196411,1
0.486994206905365,1
0.4941287040710449,1
0.5263059139251709,1
0.5304087996482849,1
0.5484294891357422,0
0.5368443131446838,0
0.538157045841217,0
0.5555818676948547,0
0.5156081914901733,0
0.5548080205917358,1
0.5446967482566833,0
0.4943227171897888,0
0.476157009601593,0
0.4819924235343933,0
0.5663513541221619,0
0.5044589638710022,0
0.5646958947181702,0
0.489982545375824,0
0.501247763633728,0
0.675822377204895,1
0.5187996625900269,1
0.5023194551467896,0
0.4589676856994629,1
0.5547007322311401,0
0.6078454256057739,1
0.6162112951278687,1
0.5054419040679932,0
0.5031489133834839,0
0.6594390273094177,1
0.5627926588058472,0
0.5218108892440796,0
0.5085455179214478,0
0.5413302183151245,1
0.5955743789672852,1
0.5222529172897339,0
0.5119925141334534,0
0.4795328974723816,0
0.604168176651001,1
0.5137596130371094,1
0.48530906438827515,0
0.7294813990592957,1
0.567493200302124,1
0.6336220502853394,1
0.6202355027198792,1
0.5492088198661804,1
0.5375016927719116,0
0.6069559454917908,1
0.49860334396362305,0
0.5190244317054749,0
0.5212891101837158,0
0.5309358835220337,0
0.5046597719192505,1
0.5041048526763916,0
0.5056045055389404,0
0.6002568006515503,1
0.6494799852371216,1
0.660849928855896,1
0.6761949062347412,1
0.599443256855011,1
0.5598500967025757,1
0.6447262763977051,0
0.6748731732368469,1
0.49718546867370605,1
0.5238220691680908,0
0.5563528537750244,1
0.5301545858383179,1
0.5551729202270508,1
0.6410499811172485,1
0.5075110793113708,1
0.5946756601333618,1
0.5687451362609863,1
0.49510031938552856,1
0.500591516494751,0
0.5254109501838684,0
0.4982048273086548,0
0.5631428956985474,1
0.5207669138908386,0
0.6048356890678406,1
0.5081242322921753,0
0.6680600643157959,1
0.5856006145477295,1
0.5805906057357788,1
0.642492413520813,1
0.5741561651229858,1
0.48723864555358887,0
0.564944326877594,1
0.5027519464492798,0
0.5151686668395996,0
0.6826506853103638,1
0.5454139709472656,0
0.6951088309288025,1
0.610018789768219,1
0.7085416316986084,1
0.6901675462722778,1
0.4757499694824219,0
0.48927611112594604,0
0.5733644962310791,0
0.693761944770813,1
0.5283454656600952,1
0.6133006811141968,1
0.5297403931617737,1
0.5425657033920288,0
0.5617465972900391,0
0.5312190055847168,0
0.5521590709686279,1
0.5216724872589111,0
0.6029230952262878,1
0.761730432510376,1
0.5007688403129578,0
0.564289927482605,1
0.5969023704528809,1
0.7156081199645996,1
0.5373775959014893,0
0.666725754737854,1
0.5058834552764893,0
0.7869650721549988,1
0.6446043848991394,1
0.5813448429107666,1
0.6913961172103882,1
0.48698967695236206,1
0.5350422859191895,0
0.517070472240448,0
0.5013427734375,0
0.4967494606971741,0
0.6188013553619385,1
0.5060404539108276,0
0.4943505525588989,0
0.577441930770874,0
0.5431318283081055,0
0.5435606241226196,0
0.5224623680114746,0
0.5673248767852783,1
0.6671363115310669,1
0.658231258392334,1
0.5242727994918823,0
0.5832849740982056,1
0.5299080610275269,1
0.699633777141571,1
0.5300441384315491,1
0.5149565935134888,1
0.5086091160774231,0
0.5826624631881714,1
0.7288780212402344,1
0.6747561693191528,1
0.528404951095581,1
0.7147353887557983,1
0.5948005318641663,1
0.5209708213806152,0
0.5571412444114685,1
0.5222620964050293,1
0.518537163734436,0
0.5294840931892395,1
0.6318223476409912,1
0.4933323860168457,1
0.5175399780273438,1
0.5545394420623779,1
0.5103790760040283,0
0.49029678106307983,0
0.538482666015625,0
0.5160143375396729,0
0.5462916493415833,0
0.5993538498878479,0
0.5156683325767517,0
0.48745155334472656,0
0.5594367980957031,1
0.6573652029037476,1
0.5873062014579773,1
0.5137797594070435,1
0.5055033564567566,0
0.6126461625099182,1
0.4905214309692383,0
0.531157374382019,0
0.5594956278800964,0
0.5677001476287842,0
0.5156916379928589,1
0.5050435066223145,1
0.6432099342346191,1
0.7542147636413574,1
0.6044536828994751,1
0.5612006187438965,0
0.5818684101104736,1
0.5139567255973816,0
0.5396168231964111,0
0.49382466077804565,0
0.4939611554145813,1
0.5069586038589478,0
0.5365630388259888,1
0.5264368653297424,0
0.557510495185852,1
0.674359917640686,1
0.6431289911270142,1
0.5001741051673889,0
0.5353339910507202,0
0.5359745621681213,1
0.6872657537460327,1
0.5489245653152466,1
0.5214183330535889,0
0.6531351208686829,1
0.6071217060089111,1
0.6558316349983215,1
0.5397719144821167,0
0.5203440189361572,0
0.6212719678878784,1
0.5456483960151672,0
0.49307626485824585,0
0.5048640370368958,0
0.497917115688324,0
0.4990047216415405,0
0.5571411848068237,0
0.4889151453971863,0
0.5171010494232178,0
0.624232292175293,1
0.5641896724700928,0
0.5033292770385742,0
0.6451641321182251,1
0.5178767442703247,1
0.5489548444747925,0
0.5207675695419312,0
0.6678630113601685,1
0.5461272597312927,0
0.5842325091362,0
0.5472462177276611,1
0.5422336459159851,1
0.5040932893753052,0
0.6661580801010132,1
0.6564774513244629,1
0.6475010514259338,1
0.6670600175857544,1
0.5601998567581177,1
0.5420024991035461,0
0.7066687345504761,1
0.6096765995025635,1
0.5228211879730225,0
0.488672137260437,0
0.5434514284133911,0
0.6434131860733032,0
0.6679474115371704,1
0.5249456167221069,0
0.5403580665588379,0
0.4886135458946228,0
0.6226723194122314,1
0.6624171137809753,1
0.5303531885147095,0
0.5946476459503174,1
0.5557595491409302,0
0.48910439014434814,1
0.5002779364585876,0
0.4788104295730591,1
0.5106557607650757,1
0.49052655696868896,0
0.5024111270904541,0
0.5182114839553833,0
0.5100886821746826,0
0.7196840047836304,1
0.7712047100067139,1
0.5813953876495361,0
0.5242268443107605,1
0.5646886825561523,0
0.5234464406967163,1
0.5104805827140808,0
0.6095892190933228,0
0.49138933420181274,0
0.5754484534263611,0
0.5104728937149048,0
0.6467065811157227,1
0.5083296895027161,1
0.6464996933937073,1
0.6528763175010681,1
0.7075331211090088,1
0.5320582985877991,0
0.6148943901062012,1
0.524012565612793,1
0.6467149257659912,1
0.5446395874023438,0
0.507975697517395,0
0.6377776265144348,1
0.531580924987793,0
0.557528018951416,1
0.4990096092224121,0
0.5044773817062378,0
0.6209375858306885,1
0.6388469338417053,1
0.49536240100860596,0
0.7262483835220337,1
0.5150054693222046,0
0.4904884099960327,0
0.570713996887207,1
0.5223909020423889,0
0.47868895530700684,0
0.5547364950180054,0
0.49629855155944824,0
0.5105365514755249,1
0.6728792190551758,1
0.5646194815635681,0
0.5110026001930237,1
0.5471891164779663,0
0.5172613859176636,0
0.601020097732544,1
0.7271305322647095,1
0.6713154911994934,1
0.572403073310852,1
0.5308433771133423,0
0.6957547664642334,1
0.5125323534011841,0
0.5327320098876953,1
0.5934834480285645,0
0.4924560785293579,0
0.6300626993179321,1
0.5682812929153442,1
0.5123992562294006,0
0.5225915312767029,0
0.5270785093307495,0
0.5395854115486145,0
0.49099624156951904,0
0.5467656850814819,0
0.5442550182342529,0
0.4839491844177246,0
0.5003324747085571,0
0.4912015199661255,0
0.5158042907714844,0
0.6551727056503296,1
0.5062555074691772,0
0.6416033506393433,1
0.6202166080474854,1
0.512700617313385,1
0.539252758026123,0
0.5560024976730347,1
0.6075350642204285,1
0.509047269821167,0
0.49588727951049805,0
0.5791451930999756,1
0.5162383317947388,0
0.4985350966453552,0
0.5712161660194397,1
0.5616803169250488,1
0.5078001022338867,0
0.5241706967353821,0
0.6721643209457397,1
0.5083434581756592,0
0.6462019681930542,1
0.6861366629600525,1
0.6360762119293213,1
0.4857358932495117,0
0.5888854265213013,0
0.5176774859428406,1
0.8337408900260925,1
0.6349118947982788,1
0.5141466856002808,0
0.5981705784797668,1
0.49532192945480347,0
0.5024658441543579,0
0.5412026643753052,1
0.502339243888855,1
0.5118882656097412,0
0.5361095070838928,0
0.5964282751083374,1
0.4964771866798401,0
0.5075770020484924,0
0.6799346208572388,1
0.6450028419494629,1
0.6928631067276001,1
0.6253942251205444,1
0.6702707409858704,1
0.4850628972053528,0
0.5001292824745178,0
0.5938363671302795,1
0.6585245132446289,1
0.5839899182319641,1
0.6638696193695068,1
0.5183228254318237,0
0.5885744690895081,1
0.6269280910491943,1
0.5099236965179443,0
0.5146374106407166,1
0.5402182340621948,0
0.5420204401016235,0
0.5654358267784119,0
0.495583176612854,0
0.6091498136520386,1
0.5188963413238525,0
0.6131390333175659,1
0.5860117077827454,1
0.5131911039352417,1
0.5476077795028687,0
0.49025416374206543,0
0.701046884059906,1
0.5318931341171265,0
0.4985223412513733,0
0.4740597605705261,1
0.5805787444114685,1
0.4999058246612549,1
0.49929964542388916,0
0.6295677423477173,0
0.6595074534416199,1
0.641201913356781,1
0.5070050954818726,0
0.5469508171081543,0
0.5155848264694214,0
0.6439605355262756,1
0.5060911178588867,0
0.737382709980011,1
0.5710064172744751,0
0.5446426868438721,0
0.5422139763832092,1
0.6981754302978516,1
0.5422396659851074,1
0.6012346744537354,1
0.5924049019813538,0
0.5235106348991394,0
0.5395863652229309,1
0.5326452255249023,1
0.5294238328933716,0
0.6335470676422119,1
0.5817802548408508,0
0.5283548831939697,1
0.6705328822135925,1
0.6079058647155762,1
0.518130898475647,1
0.8873308300971985,1
0.5933659076690674,1
0.6029627919197083,1
0.5144453048706055,0
0.5001847147941589,0
0.5275008678436279,1
0.5911188125610352,1
0.5125267505645752,0
0.5092053413391113,0
0.5232531428337097,1
0.5541728734970093,0
0.616421103477478,1
0.4883345365524292,0
0.6265740394592285,1
0.6105464100837708,1
0.5113924145698547,0
0.5491517782211304,1
0.4976697564125061,0
0.5117838382720947,0
0.5226970314979553,0
0.5225187540054321,0
0.5386592149734497,0
0.5824418067932129,1
0.5150666236877441,0
0.5257467031478882,0
0.5289673805236816,0
0.6619493961334229,1
0.6382506489753723,1
0.5300650000572205,0
0.554760217666626,1
0.6369988322257996,0
0.48854804039001465,0
0.5340876579284668,0
0.5532344579696655,0
0.4859195947647095,0
0.5463756322860718,1
0.504605770111084,0
0.7257570028305054,1
0.47131526470184326,0
0.654018223285675,1
0.7000093460083008,1
0.5566813945770264,1
0.5131314992904663,1
0.6006145477294922,0
0.5100529193878174,0
0.5374143123626709,1
0.6505653858184814,1
0.6220643520355225,1
0.5013068318367004,1
0.6767159700393677,1
0.4919133186340332,1
0.5254372358322144,1
0.5139965415000916,0
0.7076360583305359,1
0.5607117414474487,1
0.5655706524848938,1
0.6025322675704956,1
0.5308866500854492,1
0.5140057802200317,0
0.5393508076667786,0
0.5075547695159912,0
0.6429952383041382,1
0.5467022657394409,0
0.5231924057006836,0
0.7273539304733276,0
0.5372840166091919,0
0.6038620471954346,1
0.5124815106391907,0
0.5261383652687073,0
0.5694916248321533,0
0.598607063293457,1
0.6822389960289001,1
0.4916674494743347,1
0.669529914855957,1
0.5492850542068481,0
0.5072355270385742,1
0.619469165802002,1
0.6283529996871948,1
0.5206892490386963,0
0.5151228308677673,0
0.6593804955482483,1
0.6433115005493164,1
0.5644570589065552,1
0.5472236275672913,0
0.6106770038604736,1
0.617834210395813,1
0.5577453374862671,1
0.5369837284088135,0
0.514663577079773,1
0.4786788821220398,0
0.5216190814971924,1
0.5702236890792847,0
0.565383791923523,1
0.6553500890731812,1
0.5532807111740112,0
0.7066057920455933,1
0.5415565967559814,1
0.5811851024627686,1
0.5180038213729858,0
0.4876234531402588,0
0.4969300627708435,0
0.492053747177124,0
0.5355737209320068,0
0.5183350443840027,1
0.500763475894928,0
0.6636407375335693,1
0.5554816722869873,0
0.520792543888092,0
0.5226446390151978,0
0.48701339960098267,0
0.6621987223625183,1
0.6114104390144348,1
0.5734703540802002,0
0.5387585759162903,0
0.5279414653778076,0
0.5395852327346802,1
0.5424765348434448,0
0.5372488498687744,0
0.5072026252746582,0
0.5072000026702881,0
0.6269470453262329,0
0.6519312262535095,1
0.5163721442222595,0
0.6121094226837158,1
0.5223454236984253,0
0.529280424118042,0
0.5302364826202393,0
0.7109103798866272,1
0.66721111536026,1
0.597730278968811,1
0.5057135820388794,0
0.5381772518157959,0
0.6427947282791138,1
0.5257125496864319,1
0.5112295150756836,0
0.6453818082809448,1
0.5797411203384399,0
0.5220024585723877,0
0.5571049451828003,1
0.5230733752250671,0
0.5156569480895996,1
0.5332350730895996,0
0.48493820428848267,1
0.5983415842056274,1
0.5702381134033203,0
0.5262011289596558,0
0.6235898733139038,1
0.5196771621704102,0
0.5918852090835571,0
0.585599422454834,0
0.5549529790878296,1
0.552933931350708,0
0.5649789571762085,1
0.5024888515472412,1
0.5286945104598999,1
0.5266530513763428,0
0.5643419027328491,0
0.6077258586883545,1
0.6110591888427734,0
0.5198467373847961,0
0.6798979640007019,1
0.6357308626174927,0
0.5367388129234314,0
0.6821689605712891,1
0.565178632736206,1
0.5238525867462158,0
0.5766264200210571,1
0.6400840878486633,1
0.5255649089813232,0
0.48679953813552856,0
0.4783821702003479,0
0.6847783327102661,1
0.6439268589019775,1
0.6317018270492554,1
0.6485635638237,1
0.5449094772338867,0
0.610854983329773,1
0.5048139691352844,0
0.47668617963790894,0
0.6123528480529785,1
0.7494993805885315,1
0.4913291335105896,0
0.5560603141784668,0
0.5373796224594116,1
0.4889211654663086,1
0.5240761041641235,1
0.5277973413467407,0
0.6142325401306152,0
0.6284748315811157,1
0.5305957794189453,0
0.5806565284729004,1
0.5825870037078857,0
0.6387712955474854,1
0.7128208875656128,1
0.5115638971328735,0
0.5567259788513184,1
0.5043256282806396,1
0.5199238061904907,0
0.5299537181854248,0
0.493122935295105,0
0.5017029643058777,0
0.5273152589797974,0
0.5064437389373779,0
0.5290313363075256,0
0.5517725348472595,1
0.5045858025550842,0
0.49591779708862305,0
0.6311275959014893,1
0.6315977573394775,1
0.5100492238998413,1
0.5979162454605103,1
0.6360391974449158,1
0.5177475214004517,1
0.7139573693275452,1
0.5078821182250977,0
0.5111224055290222,0
0.595678985118866,0
0.5126442909240723,0
0.6908000707626343,1
0.6566070914268494,1
0.6164935827255249,1
0.6055538058280945,1
0.5141279697418213,0
0.6218351721763611,1
0.511060357093811,0
0.5121777057647705,0
0.5076251029968262,0
0.5272462368011475,0
0.5529064536094666,0
0.485653281211853,0
0.6346198320388794,1
0.4930722713470459,0
0.604479968547821,1
0.5458558797836304,0
0.6180437803268433,1
0.5305895805358887,0
0.5029858946800232,0
0.50733482837677,0
0.5257198810577393,0
0.4786553978919983,0
0.5089871883392334,1
0.48093104362487793,1
0.5507199764251709,0
0.5577478408813477,1
0.5621532797813416,0
0.6438643932342529,1
0.5860550403594971,0
0.649179220199585,1
0.5098674297332764,0
0.5621588826179504,1
0.5922470092773438,1
0.5936481952667236,1
0.5568680763244629,1
0.6041040420532227,1
0.5313956141471863,0
0.49723732471466064,0
0.5323079228401184,1
0.5502120852470398,0
0.5983362197875977,1
0.5805302858352661,1
0.527384340763092,0
0.6732152700424194,0
0.6263266801834106,1
0.5283401012420654,1
0.49250513315200806,0
0.4982604384422302,0
0.5067852735519409,1
0.5977311134338379,1
0.6402236223220825,1
0.690974235534668,1
0.6708722710609436,1
0.5066766738891602,1
0.49578142166137695,0
0.5412538051605225,0
0.48905813694000244,0
0.5077332258224487,1
0.5299939513206482,0
0.6583662033081055,1
0.671477198600769,1
0.5169299840927124,1
0.5043507814407349,1
0.5327430963516235,0
0.670278787612915,1
0.510961651802063,0
0.5276130437850952,0
0.5251778960227966,0
0.5630567669868469,0
0.6297811269760132,1
0.5589617490768433,0
0.49930185079574585,0
0.48159706592559814,0
0.5808855295181274,1
0.5231553316116333,0
0.5141999125480652,0
0.5124921202659607,0
0.53590327501297,1
0.5339155197143555,1
0.5892822742462158,1
0.4908931851387024,0
0.5018113851547241,1
0.5615232586860657,1
0.6364225149154663,1
0.6276761889457703,1
0.6231697797775269,1
0.6180534362792969,1
0.5728181004524231,1
0.699931263923645,1
0.497103214263916,0
0.5084586143493652,0
0.5296467542648315,0
0.6973117589950562,1
0.5151705741882324,0
0.5324301719665527,0
0.502570390701294,0
0.5144956111907959,0
0.5660665035247803,1
0.5046330690383911,0
0.5427272319793701,0
0.5288124084472656,1
0.4931899905204773,0
0.6728373169898987,1
0.535058856010437,0
0.5182159543037415,0
0.7057889699935913,1
0.6946595907211304,1
0.5159103870391846,0
0.5075737237930298,0
0.6014723181724548,1
0.6904908418655396,1
0.510678231716156,0
0.625697910785675,1
0.4870073199272156,0
0.5342764854431152,0
0.5470600128173828,0
0.7633439302444458,1
0.6722409725189209,1
0.5506415963172913,0
0.6712087392807007,1
0.5195245742797852,0
0.5725436210632324,0
0.539740800857544,0
0.5247907638549805,0
0.49830007553100586,0
0.5842494964599609,1
0.6143097877502441,1
0.5932394862174988,1
0.5277930498123169,0
0.5817212462425232,1
0.48831886053085327,0
0.46985185146331787,0
0.5377064943313599,0
0.5842682123184204,1
0.549114465713501,0
0.6967537999153137,1
0.5408962965011597,0
0.5194756388664246,0
0.6130165457725525,0
0.530413031578064,0
0.6396478414535522,1
0.5044777989387512,0
0.5768606066703796,0
0.6072988510131836,1
0.5296112298965454,0
0.5034691691398621,1
0.5781868696212769,1
0.5191240310668945,0
0.5925924777984619,1
0.5851942300796509,1
0.5607237815856934,0
0.5926856994628906,1
0.5155877470970154,0
0.6012299656867981,1
0.527863621711731,1
0.6504666805267334,1
0.5769323110580444,0
0.5098360180854797,0
0.697126567363739,1
0.5269520878791809,0
0.5816301107406616,0
0.6517300009727478,1
0.5362565517425537,0
0.49837738275527954,0
0.4867333173751831,0
0.5546268224716187,0
0.5128121972084045,1
0.5888638496398926,0
0.5008499622344971,1
0.7488601207733154,1
0.5156489014625549,1
0.6768370866775513,1
0.5436022281646729,0
0.5370770692825317,0
0.715016782283783,1
0.5231790542602539,1
0.5528069734573364,0
0.5604744553565979,0
0.4978882074356079,0
0.6561007499694824,1
0.5540304183959961,0
0.5177348852157593,0
0.5672100186347961,1
0.525376558303833,0
0.5452044010162354,1
0.589379072189331,1
0.48643672466278076,0
0.6697002053260803,1
0.7517658472061157,1
0.6458957195281982,1
0.608660101890564,1
0.4873517155647278,0
0.6569299697875977,1
0.5291510224342346,0
0.6377977728843689,0
0.5558735728263855,1
0.5175675749778748,0
0.5476834774017334,1
0.5368298292160034,1
0.6511011719703674,1
0.5623326301574707,0
0.5184511542320251,0
0.5009562373161316,0
0.48273181915283203,0
0.604908287525177,1
0.5220972895622253,0
0.6078957319259644,1
0.5672512650489807,1
0.5135186910629272,0
0.5352879762649536,1
0.4922330975532532,0
0.4970288872718811,0
0.5034388899803162,0
0.5791206359863281,1
0.4718555212020874,1
0.5431725978851318,0
0.53508460521698,0
0.5094619393348694,1
0.5913010835647583,1
0.6003290414810181,0
0.5497229695320129,0
0.5294935703277588,0
0.5221476554870605,0
0.6552520990371704,1
0.5228283405303955,0
0.5230557322502136,0
0.7214919328689575,1
0.6759147644042969,1
0.6207183599472046,1
0.666078507900238,1
0.5675919055938721,1
0.5658687353134155,1
0.6196784973144531,1
0.4939931035041809,0
0.5437542200088501,1
0.5343154072761536,0
0.4991239309310913,0
0.48883044719696045,1
0.5615319013595581,1
0.4739972949028015,1
0.4916156530380249,1
0.5022259950637817,1
0.6514261364936829,1
0.5196468234062195,0
0.5224369168281555,0
0.5333952307701111,0
0.518263041973114,0
0.5778588652610779,1
0.656611442565918,0
0.5411332249641418,0
0.610082745552063,1
0.5330238342285156,0
0.5312442779541016,0
0.514459490776062,1
0.639245867729187,1
0.5097177028656006,0
0.5408710837364197,1
0.5050408244132996,0
0.6269872188568115,1
0.6384512186050415,1
0.5116399526596069,0
0.6059762239456177,1
0.7115644216537476,1
0.67034512758255,1
0.6588263511657715,0
0.47804445028305054,0
0.5673497915267944,1
0.6692891120910645,1
0.5275983810424805,0
0.49902451038360596,0
0.5517816543579102,0
0.4887678027153015,0
0.4993886351585388,0
0.5760537981987,1
0.4982815384864807,0
0.6820876598358154,1
0.5170071125030518,0
0.4684751033782959,0
0.635516881942749,1
0.7109215259552002,1
0.513174295425415,0
0.6124593615531921,0
0.5585399866104126,1
0.5109800100326538,0
0.48899996280670166,0
0.6026593446731567,1
0.6989536285400391,1
0.5436721444129944,0
0.599574089050293,1
0.5648714303970337,1
0.5419642925262451,0
0.5284422636032104,0
0.4986342787742615,1
0.5083737373352051,0
0.5105335116386414,0
0.6039401888847351,1
0.4996797442436218,0
0.5392587184906006,0
0.6680585145950317,1
0.49816054105758667,0
0.7208787202835083,1
0.5246715545654297,0
0.5713951587677002,1
0.6470274925231934,1
0.5963691473007202,1
0.567989706993103,0
0.6262257695198059,1
0.5196197032928467,0
0.5479598045349121,0
0.5459886789321899,1
0.6919917464256287,1
0.5780386924743652,0
0.5392163991928101,0
0.5203309059143066,1
0.6702498197555542,1
0.5584594011306763,0
0.5292454361915588,0
0.6503003835678101,1
0.6161623597145081,1
0.5612862706184387,1
0.5059800148010254,0
0.5942535400390625,1
0.5602894425392151,1
0.5224398374557495,0
0.6213919520378113,1
0.5182958841323853,0
0.7408974170684814,1
0.6309995651245117,0
0.52730792760849,0
0.5894414782524109,1
0.5041168332099915,0
0.4955194592475891,0
0.5108556747436523,0
0.49325239658355713,0
0.5705232620239258,1
0.5670406222343445,1
0.548596978187561,0
0.491168737411499,0
0.5167214274406433,0
0.6276731491088867,1
0.5144032835960388,0
0.5437619686126709,0
0.6652560830116272,1
0.7479158639907837,1
0.5347276329994202,1
0.519463062286377,0
0.6212499141693115,0
0.4687524437904358,0
0.6353856325149536,1
0.494503915309906,0
0.5108146667480469,0
0.6286684274673462,1
0.5355018377304077,1
0.5127561688423157,0
0.6883503198623657,1
0.5493558645248413,1
0.5163591504096985,0
0.5297372341156006,0
0.5328463912010193,0
0.6087218523025513,0
0.5496867895126343,1
0.6300785541534424,1
0.5068962574005127,0
0.5202934741973877,0
0.699542760848999,1
0.5790278911590576,1
0.6425454616546631,1
0.5179277658462524,0
0.5717967748641968,0
0.5109764933586121,0
0.5366616249084473,0
0.5661702752113342,1
0.5483084917068481,1
0.5114670991897583,0
0.6185131072998047,1
0.5061861872673035,0
0.49681299924850464,0
0.5143031477928162,0
0.5246303081512451,0
0.5319336652755737,0
0.534965455532074,0
0.5541422963142395,1
0.7396581172943115,1
0.5197528600692749,0
0.5409337282180786,0
0.5173318386077881,1
0.5188431739807129,0
0.49102818965911865,0
0.5582485198974609,1
0.5430506467819214,0
0.5711628198623657,1
0.5340826511383057,0
0.4677664041519165,0
0.48657381534576416,1
0.5167431831359863,0
0.6483608484268188,1
0.5255441665649414,0
0.6309932470321655,1
0.5242631435394287,0
0.7444112300872803,1
0.5190061330795288,0
0.6173204779624939,1
0.5977534055709839,1
0.5391817092895508,0
0.5501437187194824,1
0.6218006610870361,1
0.5260118246078491,0
0.5053461790084839,0
0.5216405391693115,0
0.49979424476623535,0
0.5937947630882263,1
0.7321268320083618,1
0.5839899182319641,1
0.511965274810791,1
0.5069411993026733,1
0.5552599430084229,1
0.6135058403015137,1
0.5513651967048645,0
0.5250755548477173,0
0.5392946600914001,0
0.6972051858901978,1
0.503098726272583,1
0.5127333402633667,0
0.5197395086288452,1
0.5898581743240356,1
0.52264404296875,0
0.5409256219863892,0
0.4771660566329956,0
0.5911487340927124,1
0.4918026924133301,0
0.6638001799583435,1
0.5411159992218018,0
0.558020830154419,1
0.5052706003189087,0
0.6196785569190979,0
0.5108118057250977,0
0.4858839511871338,0
0.5261316299438477,0
0.5215905904769897,0
0.5000418424606323,1
0.5827077627182007,1
0.5283607244491577,0
0.535179615020752,1
0.5887439250946045,1
0.6179260015487671,0
0.5250574350357056,0
0.6188322305679321,1
0.580248236656189,0
0.5454691648483276,1
0.5196842551231384,0
0.569208025932312,1
0.5168324708938599,0
0.5211167931556702,0
0.5903458595275879,1
0.5647408962249756,0
0.49422532320022583,0
0.528580904006958,0
0.5842710733413696,1
0.4975695013999939,1
0.5065454244613647,1
0.5098191499710083,0
0.5130363702774048,0
0.543110728263855,1
0.5220550298690796,0
0.6180989146232605,1
0.5316852331161499,0
0.513063907623291,1
0.5346368551254272,0
0.6047943830490112,1
0.5806781053543091,1
0.5923433303833008,0
0.6219764947891235,0
0.6056951284408569,1
0.5595424771308899,1
0.5310073494911194,1
0.5247851610183716,1
0.5274099707603455,0
0.5320149064064026,0
0.6140410900115967,1
0.6413098573684692,1
0.551588773727417,0
0.510830819606781,0
0.519594132900238,0
0.6206520795822144,1
0.7392673492431641,1
0.5141192674636841,1
0.5617367029190063,0
0.4906936287879944,1
